cmd: ./benchmark
events: Ir
fl=./csu/../csu/libc-start.c
fn=__libc_start_main@@GLIBC_2.34
128 2
134 3
135 7
138 1
139 2
142 3
143 2
144 26
145 16
242 13
311 3
312 3
337 6
340 2
343 2
350 2
352 2
360 4
fl=./csu/../sysdeps/nptl/libc_start_call_main.h
fn=(below main)
29 9
44 3
46 2
51 2
52 2
55 2
58 6
74 2
fl=./csu/./csu/errno-loc.c
fn=__errno_location
25 12
26 24
27 12
fl=./csu/./csu/init-first.c
fn=_init_first
46 6
51 2
55 5
61 1
62 1
63 2
71 2
72 3
fl=./ctype/./ctype/ctype-info.c
fn=__ctype_init
29 1
31 7
33 4
35 4
36 1
fl=./debug/../sysdeps/x86_64/multiarch/ifunc-memmove.h
fn=__memcpy_chk
56 4
57 6
60 6
61 4
74 4
77 4
85 4
93 4
96 10
fn=__memmove_chk
56 2
57 3
60 3
61 2
74 2
77 2
85 2
93 2
96 5
fn=__mempcpy_chk
56 2
57 3
60 3
61 2
74 2
77 2
85 2
93 2
96 5
fl=./debug/../sysdeps/x86_64/multiarch/ifunc-memset.h
fn=__memset_chk
54 5
57 3
58 2
64 2
73 2
75 2
85 2
93 2
96 5
fl=./debug/../sysdeps/x86_64/multiarch/memcpy_chk.c
fn=__memcpy_chk
29 2
fl=./debug/../sysdeps/x86_64/multiarch/memmove_chk.c
fn=__memmove_chk
29 1
fl=./debug/../sysdeps/x86_64/multiarch/mempcpy_chk.c
fn=__mempcpy_chk
29 1
fl=./debug/../sysdeps/x86_64/multiarch/memset_chk.c
fn=__memset_chk
29 1
fl=./elf/../bits/stdlib-bsearch.h
fn=intel_check_word.constprop.0
27 96
28 48
29 744
31 648
32 348
35 264
37 120
fl=./elf/../elf/dl-tls.c
fn=_dl_add_to_slotinfo
1017 36
1023 4
1026 4
1027 4
1031 12
1065 8
1068 8
1069 12
1072 24
fn=_dl_allocate_tls_init
523 11
524 2
528 2
531 1
534 2
537 3
549 1
554 32
560 11
563 12
564 8
570 12
571 8
573 31
576 8
577 8
580 8
581 16
583 8
584 8
593 4
601 8
603 40
609 4
615 2
618 2
621 9
fn=_dl_allocate_tls_storage
365 1
369 1
370 1
371 2
374 1
380 2
417 7
419 1
430 1
431 1
432 2
440 6
441 1
445 305
464 1
470 7
fn=_dl_assign_tls_modid
125 12
128 6
141 3
181 3
183 3
186 3
187 6
fn=_dl_count_modids
192 1
194 2
195 1
210 2
fn=_dl_determine_tlsoffset
216 9
217 1
218 1
219 1
222 4
225 2
259 1
261 32
263 11
265 12
266 8
268 8
270 20
281 4
286 32
288 8
289 4
294 4
301 1
302 7
304 2
354 1
355 8
fn=_dl_tls_static_surplus_init
83 3
97 8
100 6
101 5
102 3
104 4
107 1
109 1
111 3
112 6
fl=./elf/../include/list.h
fn=__tls_init_tp
43 2
44 2
45 1
47 1
fl=./elf/../include/rtld-malloc.h
fn=__minimal_calloc
56 17
fn=_dl_allocate_tls_storage
44 2
56 1
fn=_dl_check_map_versions
44 18
fn=_dl_find_object_init
56 2
fn=_dl_important_hwcaps
56 4
fn=_dl_init_paths
56 5
fn=_dl_map_object_deps
56 12
fn=_dl_new_object
44 18
56 15
fn=do_lookup_x
44 13
fn=fillin_rpath.isra.0
50 2
51 1
56 2
fn=init_tls
44 2
fl=./elf/../include/scratch_buffer.h
fn=_dl_map_object_deps
77 2
78 1
85 3
131 20
fl=./elf/../misc/sbrk.c
fn=sbrk
37 6
40 1
58 2
62 2
78 5
fl=./elf/../nptl/nptl-stack.h
fn=__libc_early_init
61 8
fl=./elf/../sysdeps/generic/_itoa.h
fn=_dl_check_map_versions
76 36
fl=./elf/../sysdeps/generic/dl-cache.h
fn=_dl_load_cache_lookup
125 4
194 1
195 5
fl=./elf/../sysdeps/generic/dl-call_tls_init_tp.h
fn=init_tls
31 8
33 1
fl=./elf/../sysdeps/generic/dl-debug.h
fn=dl_main
29 4
30 1
fl=./elf/../sysdeps/generic/dl-hash.h
fn=__rtld_malloc_init_real
43 1
44 1
45 19
48 18
62 24
67 1
72 1
fl=./elf/../sysdeps/generic/dl-new-hash.h
fn=_dl_lookup_symbol_x
69 2023
70 4046
74 42781
77 85562
80 41764
81 83528
87 1006
88 1006
89 2012
90 1006
99 40758
101 40758
102 81516
104 40758
105 40758
fl=./elf/../sysdeps/generic/dl-protected.h
fn=do_lookup_x
29 8028
fl=./elf/../sysdeps/generic/ldsodefs.h
fn=_dl_relocate_object
79 62
140 10908
fn=_dl_start
79 6
fn=do_lookup_x
139 4014
140 6021
fl=./elf/../sysdeps/nptl/dl-mutex.c
fn=__rtld_mutex_init
30 7
37 1
40 7
44 2
45 9
47 6
51 2
52 7
53 6
fl=./elf/../sysdeps/nptl/dl-tls_init_tp.c
fn=__tls_init_tp
68 5
69 1
72 1
75 4
76 2
77 1
82 2
87 4
90 1
93 3
105 4
121 3
128 2
129 3
fn=__tls_pre_init_tp
53 3
56 10
61 2
62 1
64 1
fn=rtld_mutex_dummy
42 178
44 356
fl=./elf/../sysdeps/nptl/pthread_early_init.h
fn=__libc_early_init
33 6
34 1
38 5
45 2
46 1
48 2
52 5
53 1
54 1
56 1
fl=./elf/../sysdeps/posix/dl-fileid.h
fn=_dl_map_object_from_fd
37 20
40 20
49 60
fl=./elf/../sysdeps/unix/sysv/linux/brk.c
fn=brk
36 1
37 1
38 2
44 1
45 1
fl=./elf/../sysdeps/unix/sysv/linux/brk_call.h
fn=brk
24 2
fl=./elf/../sysdeps/unix/sysv/linux/dl-osinfo.h
fn=dl_main
39 2
52 1
fl=./elf/../sysdeps/unix/sysv/linux/dl-parse_auxv.h
fn=_dl_sysdep_parse_arguments
32 2
33 1
34 1
41 93
42 44
43 44
45 1
46 2
47 2
48 2
49 1
51 2
52 2
53 2
54 2
56 2
fl=./elf/../sysdeps/unix/sysv/linux/dl-sysdep.c
fn=_dl_sysdep_parse_arguments
78 7
79 2
80 2
81 3
82 42
83 87
86 2
90 56
93 5
94 2
95 3
96 6
fn=_dl_sysdep_start
102 6
103 1
106 2
110 2
113 1
115 2
122 3
123 2
125 5
137 3
140 5
143 4
fn=_dl_sysdep_start_cleanup
147 1
148 1
fl=./elf/../sysdeps/unix/sysv/linux/dl-vdso-setup.h
fn=dl_main
30 1
33 1
36 1
39 1
45 1
fl=./elf/../sysdeps/unix/sysv/linux/dl-vdso.h
fn=dl_main
40 2
41 5
55 2
fl=./elf/../sysdeps/unix/sysv/linux/rseq-internal.h
fn=__tls_init_tp
32 3
34 7
37 2
40 1
fl=./elf/../sysdeps/unix/sysv/linux/x86/dl-hwcap2.h
fn=update_active.constprop.0
25 2
fl=./elf/../sysdeps/unix/sysv/linux/x86/dl-minsigstacksize.h
fn=get_common_indices.constprop.0
24 2
27 2
28 2
65 3
72 1
74 1
fl=./elf/../sysdeps/x86/cpu-features.c
fn=get_common_indices.constprop.0
398 3
402 4
405 5
409 1
410 4
411 4
412 4
413 3
414 2
421 2
423 9
428 8
435 2
436 7
442 2
457 3
fn=init_cpu_features.constprop.0
376 3
377 2
378 6
383 2
384 6
389 2
390 7
682 8
685 1
686 1
687 1
690 1
699 3
702 6
703 1
706 2
708 6
713 1
715 3
717 9
721 7
774 3
781 2
799 1
832 2
866 4
869 2
870 1
878 2
885 2
887 2
891 2
897 2
899 1
1001 3
1002 2
1005 2
1006 2
1012 1
1013 1
1014 1
1015 2
1019 4
1022 4
1028 3
1041 2
1042 4
1081 1
1082 2
1086 3
1103 2
1104 2
1106 3
1107 2
1109 3
1110 2
1113 2
1127 4
1129 4
1135 4
1142 8
fn=update_active.constprop.0
72 8
76 1
84 3
85 3
86 1
94 4
95 1
103 4
104 1
109 4
112 4
113 1
116 5
117 2
121 5
122 3
123 3
124 2
128 5
129 5
130 3
132 2
133 4
147 2
151 7
152 4
154 3
158 4
161 1
164 2
166 2
170 1
171 1
178 4
180 5
186 4
188 5
190 4
195 5
244 3
245 3
261 4
277 2
281 2
282 1
285 4
289 2
293 3
294 2
296 1
297 1
300 2
302 1
305 2
356 5
360 3
369 1
370 8
fl=./elf/../sysdeps/x86/dl-cacheinfo.h
fn=get_common_cache_info.constprop.0
571 11
586 1
587 1
588 2
589 1
590 2
596 3
598 7
601 2
613 1
618 3
622 2
627 5
630 24
637 8
640 26
645 2
649 3
650 2
654 2
658 3
661 4
662 1
667 4
673 4
681 6
683 2
685 4
687 12
689 1
690 1
691 9
693 4
696 7
701 1
703 4
704 3
705 1
708 2
711 2
718 1
720 4
721 1
726 2
731 2
732 1
733 2
734 1
759 3
770 5
771 5
775 2
782 1
783 2
784 1
785 7
fn=handle_intel.constprop.0
250 108
255 24
261 12
262 12
267 48
271 24
276 24
279 60
281 24
284 60
286 24
305 96
fn=init_cpu_features.constprop.0
792 1
793 1
795 1
809 2
811 3
812 3
813 3
814 2
817 3
819 3
820 2
822 3
824 3
825 1
827 3
829 3
830 2
832 3
834 3
836 3
838 5
894 2
895 2
896 2
897 2
898 2
899 2
900 1
901 1
902 1
903 1
904 1
905 1
907 1
910 3
924 3
925 7
930 2
931 6
932 2
939 3
959 6
968 2
969 2
974 12
987 5
995 7
997 2
1000 5
1002 2
1005 5
1006 5
1010 6
1011 3
1017 7
1020 11
1021 10
1022 13
1025 10
1027 10
1040 4
1042 2
1043 2
1044 1
1045 1
1046 1
1047 1
fn=intel_check_word.constprop.0
110 648
113 324
119 216
123 48
125 12
129 120
131 144
133 60
135 120
143 120
152 12
155 138
158 99
162 58
164 189
167 120
168 72
169 60
170 48
172 11
174 22
176 12
177 16
178 12
179 20
180 14
181 12
183 8
184 12
187 21
190 2
194 192
202 168
216 48
246 144
fl=./elf/../sysdeps/x86/dl-get-cpu-features.c
fn=__x86_cpu_features
39 3
71 3
fn=_dl_x86_init_cpu_features
37 1
39 3
41 1
fl=./elf/../sysdeps/x86/dl-isa-level.h
fn=_dl_load_cache_lookup
28 24
fl=./elf/../sysdeps/x86/dl-procinfo.h
fn=_dl_load_cache_lookup
39 8
42 28
fl=./elf/../sysdeps/x86/dl-prop.h
fn=_dl_map_object_from_fd
149 20
fn=_dl_process_pt_gnu_property
95 36
102 18
115 18
118 9
252 6
253 3
254 12
255 6
257 36
258 3
260 9
fn=dl_main
36 2
37 24
40 10
49 40
53 33
71 2
149 4
235 4
236 2
fl=./elf/../sysdeps/x86/get-isa-level.h
fn=_dl_hwcaps_subdirs_active
30 4
31 1
32 3
36 3
39 4
40 4
45 4
48 2
51 5
53 4
54 2
55 2
58 4
fn=update_active.constprop.0
28 1
30 4
31 1
32 3
36 3
38 1
39 2
40 4
45 4
47 1
48 2
51 5
53 4
54 2
55 2
57 1
58 4
fl=./elf/../sysdeps/x86_64/dl-cet.c
fn=_dl_cet_check
145 2
157 2
173 1
179 1
275 2
276 1
277 2
282 4
283 3
285 2
293 5
296 1
300 2
301 1
302 2
303 2
304 2
305 2
308 1
310 1
313 2
361 8
363 6
fn=_dl_cet_setup_features
331 1
334 2
350 1
fl=./elf/../sysdeps/x86_64/dl-hwcaps-subdirs.c
fn=_dl_hwcaps_subdirs_active
29 1
38 3
43 1
48 1
52 1
fl=./elf/../sysdeps/x86_64/dl-irel.h
fn=_dl_fixup
32 1
fl=./elf/../sysdeps/x86_64/dl-machine.h
fn=_dl_fixup
234 72
fn=_dl_relocate_object
81 30
87 8
91 6
97 2
108 6
129 4
132 4
134 8
267 7306
274 7306
278 7306
287 29603
290 7325
291 136
292 14548
295 16
296 24
307 16
314 40
317 21918
320 154
323 154
346 8
347 12
352 6
354 4
363 4
393 35
400 51
402 68
406 51
415 34
423 10104
436 7
460 27
464 36
465 36
466 45
467 18
476 136
478 68
479 68
498 4206
499 1402
503 2804
504 2804
514 2224
518 2224
521 3336
522 1112
730 14
734 8
fn=_dl_start
55 1
278 9
287 27
290 6
291 12
317 8
323 2
fn=_dl_sysdep_start
220 1
fl=./elf/../sysdeps/x86_64/dl-runtime.h
fn=_dl_fixup
28 72
fl=./elf/../sysdeps/x86_64/dl-trampoline.h
fn=_dl_runtime_resolve_xsave
71 72
76 72
79 72
81 72
91 72
97 72
98 72
99 72
100 72
101 72
102 72
103 72
107 72
108 72
111 72
112 72
114 72
115 72
116 72
117 72
118 72
119 72
121 72
128 72
129 72
130 72
131 72
136 72
137 72
138 72
140 72
141 72
142 72
143 72
144 72
145 72
146 72
148 72
150 72
154 72
156 72
fl=./elf/../sysdeps/x86_64/tls_get_addr.S
fn=__tls_get_addr
29 2
30 2
31 2
33 2
34 2
35 2
38 2
39 2
43 2
44 2
45 2
46 2
fl=./elf/./dl-find_object.h
fn=_dl_find_object_from_map
95 14
96 14
97 7
103 35
104 206
105 142
107 21
112 7
fl=./elf/./dl-hwcaps.h
fn=_dl_important_hwcaps
43 9
45 7
46 1
77 8
78 8
79 7
fl=./elf/./dl-load.h
fn=_dl_map_object_from_fd
91 40
92 16
93 20
94 16
96 16
fl=./elf/./dl-main.h
fn=dl_main
109 5
fl=./elf/./dl-map-segments.h
fn=_dl_map_object_from_fd
28 15
29 45
81 5
101 5
102 15
105 15
106 10
108 10
125 5
135 120
137 60
139 150
149 80
155 10
156 5
157 15
158 10
160 10
165 10
168 15
176 35
182 10
186 16
189 4
194 20
fl=./elf/./dl-sym-post.h
fn=lookup_malloc_symbol
41 8
53 12
fl=./elf/./dl-tunable-types.h
fn=__GI___tunable_set_val
84 5
fl=./elf/./elf/dl-audit.c
fn=_dl_audit_activity_map
29 7
30 1
31 3
37 6
fn=_dl_audit_activity_nsid
41 3
45 12
46 3
47 15
fn=_dl_audit_objclose
97 7
98 28
fn=_dl_audit_objopen
77 5
78 20
fn=_dl_audit_preinit
118 1
119 4
fl=./elf/./elf/dl-cache.c
fn=_dl_cache_libcmp
357 80
358 468
360 630
362 218
368 16
369 12
370 186
372 186
374 8
380 412
382 412
383 108
386 170
387 170
390 52
fn=_dl_load_cache_lookup
191 72
205 4
208 32
210 40
211 8
213 20
220 84
222 220
223 72
227 108
231 108
232 72
240 16
242 8
245 8
247 24
249 4
259 8
269 12
270 16
286 28
295 8
298 8
301 4
302 12
330 8
346 32
347 14
349 18
403 40
405 8
408 12
411 5
419 5
420 8
423 6
424 1
431 1
432 2
477 9
482 12
485 12
500 8
512 12
513 60
514 16
515 4
516 32
fn=_dl_unload_cache
525 3
526 4
528 2
529 1
533 1
535 2
fl=./elf/./elf/dl-call-libc-early-init.c
fn=_dl_call_libc_early_init
27 7
29 2
33 5
37 2
39 4
40 2
41 3
fl=./elf/./elf/dl-call_fini.c
fn=_dl_call_fini
24 56
28 14
32 7
34 7
35 14
38 10
39 15
42 44
43 6
47 7
48 14
49 15
50 37
fl=./elf/./elf/dl-catch.c
fn=_dl_catch_error
254 12
256 2
257 2
258 2
259 2
261 6
fn=_dl_catch_exception
58 39
59 26
69 26
70 65
204 104
207 26
214 13
228 13
229 26
235 78
237 39
239 52
248 39
fn=_dl_receive_error
58 2
59 1
69 2
70 2
186 7
188 1
192 1
194 1
197 1
198 4
fl=./elf/./elf/dl-debug.c
fn=_dl_debug_initialize
56 3
57 1
59 2
61 2
63 3
64 1
85 3
90 3
91 2
92 1
95 3
96 6
99 2
107 2
fn=_dl_debug_state
116 2
117 2
fn=_dl_debug_update
38 6
40 12
41 6
44 12
48 6
fl=./elf/./elf/dl-deps.c
fn=_dl_map_object_deps
128 3
129 5
130 6
132 3
136 8
143 13
144 20
160 9
161 1
164 1
182 1
183 6
184 1
188 15
190 27
193 7
197 21
198 46
201 20
205 10
208 22
210 20
215 5
216 5
217 10
218 10
219 5
221 631
222 298
228 113
230 12
232 48
233 24
242 12
244 24
249 35
252 5
253 5
254 5
255 10
256 5
257 5
259 20
263 36
264 27
266 411
417 14
419 25
422 10
423 20
429 5
430 25
431 25
434 5
435 10
439 21
441 7
442 32
448 5
449 1
452 4
463 5
465 4
470 5
471 1
472 2
474 25
478 7
483 14
485 21
490 7
494 2
495 3
532 2
533 2
547 9
552 9
553 5
557 1
559 2
560 1
561 3
568 3
571 2
574 8
fn=openaux
61 72
64 132
65 12
68 12
69 36
fl=./elf/./elf/dl-environ.c
fn=_dl_next_ld_env_entry
28 3
29 3
32 130
34 84
35 18
37 2
40 4
42 2
45 40
fl=./elf/./elf/dl-find_object.c
fn=_dl_find_object_init
561 5
564 1
566 2
567 3
579 2
580 3
582 2
585 2
590 1
591 1
594 3
596 2
599 6
601 1
604 4
fn=_dlfo_process_initial
474 8
475 2
477 2
478 4
504 24
505 34
506 14
508 52
511 48
513 36
515 12
516 12
517 24
529 2
531 8
fn=_dlfo_sort_mappings
536 1
537 2
540 24
544 10
545 70
546 75
548 5
549 5
553 20
554 25
555 10
557 1
fl=./elf/./elf/dl-fini.c
fn=_dl_fini
26 11
43 1
46 13
49 2
51 1
54 2
56 5
61 1
63 4
68 18
73 25
75 14
77 14
79 14
80 7
81 7
85 7
87 6
88 6
94 6
103 2
108 41
110 7
112 14
114 28
117 14
122 7
126 5
132 6
134 1
138 2
145 8
fl=./elf/./elf/dl-hwcaps.c
fn=_dl_important_hwcaps
52 16
54 2
55 4
56 2
57 2
77 16
80 16
84 2
86 6
87 2
88 2
100 5
102 3
105 1
108 1
112 5
125 12
127 10
128 4
129 4
130 2
133 3
142 13
143 11
145 8
151 5
155 4
156 3
157 3
161 1
162 2
163 2
172 14
174 2
175 3
185 2
186 3
189 3
193 2
194 2
201 1
202 5
208 2
209 1
213 3
216 9
fl=./elf/./elf/dl-hwcaps_split.c
fn=_dl_hwcaps_split
25 5
26 3
27 1
47 4
fn=_dl_hwcaps_split_masked
26 44
30 24
34 78
35 12
36 24
41 36
42 18
43 12
45 6
51 110
55 5
56 18
57 27
58 24
60 6
62 88
67 12
fl=./elf/./elf/dl-init.c
fn=_dl_init
29 16
35 40
37 41
81 13
82 1
83 1
86 3
89 2
94 4
119 1
120 32
121 14
127 8
fn=call_init.part.0
26 84
43 21
46 21
47 2
51 12
59 18
60 24
63 6
64 12
70 15
72 10
73 117
74 92
76 56
fl=./elf/./elf/dl-load.c
fn=_dl_dst_count
238 108
241 24
244 24
245 12
264 108
fn=_dl_init_paths
706 13
720 4
725 1
727 3
734 3
735 2
739 4
741 4
747 1
748 1
756 8
758 8
759 4
761 5
762 7
763 4
766 13
767 10
768 18
770 32
776 1
777 1
782 1
785 3
787 4
789 3
806 1
808 3
822 2
825 5
827 23
831 2
832 60
833 14
834 28
836 1
837 1
838 2
844 6
847 3
853 1
857 8
fn=_dl_map_object
682 43
685 4
688 6
691 2
692 1
696 20
1967 156
1969 5
1975 26
1976 52
1979 272
1984 357
1986 255
1990 86
1991 129
1994 110
1995 66
1996 110
2010 20
2011 15
2019 15
2034 5
2036 25
2040 16
2042 8
2049 16
2053 4
2054 4
2058 15
2059 5
2073 20
2074 28
2075 4
2084 8
2099 8
2100 64
2106 12
2107 4
2115 4
2129 8
2131 12
2135 12
2137 8
2141 8
2149 8
2172 36
2176 12
2177 4
2194 8
2200 1
2201 4
2202 2
2203 2
2207 9
2210 3
2222 20
2267 10
2268 88
2270 122
fn=_dl_map_object_from_fd
944 70
959 20
989 95
990 40
1008 10
1036 20
1046 10
1053 40
1054 10
1065 10
1066 15
1067 10
1069 15
1070 20
1071 8
1074 17
1075 6
1086 5
1088 5
1090 110
1091 5
1092 5
1093 5
1094 5
1100 210
1101 507
1107 10
1114 13
1115 15
1116 50
1121 2
1122 1
1127 155
1135 100
1136 130
1137 100
1138 20
1139 40
1141 140
1143 40
1156 40
1157 75
1162 20
1163 205
1176 9
1180 12
1181 3
1185 15
1186 6
1189 3
1194 12
1209 10
1210 5
1213 15
1218 35
1228 95
1229 40
1235 10
1245 20
1252 35
1264 5
1268 20
1269 15
1275 14
1276 10
1278 10
1288 15
1307 15
1309 30
1361 15
1362 6
1368 170
1369 280
1375 80
1380 20
1393 10
1395 20
1397 10
1413 10
1417 10
1418 10
1435 10
1436 1
1439 10
1444 10
1449 10
1461 40
1462 12
1463 27
1464 9
1465 5
1471 10
1472 12
1477 6
1484 15
1487 10
1491 15
1492 15
1510 10
1514 35
1515 20
1519 45
fn=_dl_process_pt_gnu_property
868 18
869 12
870 6
876 12
882 30
885 18
886 12
887 12
890 18
891 18
895 6
896 12
900 18
901 9
904 18
907 9
908 36
918 18
920 24
fn=expand_dynamic_string_token
241 6
244 4
385 20
399 4
410 14
fn=fillin_rpath.isra.0
468 17
472 1
474 12
481 2
483 6
487 2
492 3
493 2
500 5
505 2
509 15
510 8
528 4
532 4
534 2
538 1
539 2
540 4
541 1
543 2
549 4
550 14
551 4
553 2
554 3
555 1
561 2
562 1
565 3
571 1
574 8
fn=open_path
1812 44
1813 8
1816 4
1817 4
1819 8
1822 8
1824 88
1827 8
1831 4
1835 24
1842 24
1843 88
1846 24
1851 66
1854 12
1860 18
1863 48
1865 18
1867 6
1872 6
1873 21
1879 9
1881 26
1882 2
1884 3
1891 38
1893 13
1937 32
1941 4
1943 16
1946 12
1960 36
fn=open_verify.constprop.0
1572 132
1604 33
1609 12
1623 55
1625 22
1633 5
1634 15
1639 30
1641 10
1643 10
1645 10
1651 10
1668 74
1749 10
1754 10
1760 20
1766 10
1772 20
1773 20
1777 16
1778 5
1799 99
fl=./elf/./elf/dl-lookup-direct.c
fn=_dl_lookup_direct
32 15
33 9
35 6
36 6
48 9
51 6
53 21
57 9
58 21
59 15
74 39
76 6
78 21
79 6
81 12
84 25
86 12
93 6
115 3
116 27
fl=./elf/./elf/dl-lookup.c
fn=_dl_lookup_symbol_x
772 26299
774 4046
775 8092
778 2023
782 8054
785 4046
787 4046
791 28402
792 34391
797 10115
799 96
816 2023
817 48
820 4046
821 14033
828 2071
856 8028
870 6021
871 2
873 4014
890 8028
892 18207
fn=check_match
70 30285
73 16152
78 26
86 10070
89 5420
93 2014
94 4028
96 4022
115 4022
116 16088
117 10015
118 16
119 16
144 6
146 18
147 12
150 2
151 7
153 3
161 2006
162 16152
fn=do_lookup_x
170 300
171 307
172 940
174 98
175 294
176 530
179 152
180 152
181 82
182 152
183 70
222 492
224 738
226 164
227 82
228 328
230 2694
231 486
234 352
235 176
254 352
257 95
258 285
259 322
262 1377
269 12
272 4
279 298
280 276
281 350
285 20
286 2
287 2
288 4
289 8
300 3
302 2
305 1
306 1
307 2
310 164
311 492
318 328
329 574
331 164
333 246
334 164
347 28322
348 2023
353 2023
354 2023
358 13076
361 13076
365 17176
386 13058
390 13058
396 19587
400 6529
401 6529
404 32645
405 19587
408 6529
409 13058
411 6529
412 6069
413 13058
415 14161
416 26116
419 45703
422 4346
423 6519
424 4346
426 4268
429 26400
431 6057
432 51740
433 4038
436 6057
439 9848
461 16048
470 1025
472 2
476 4014
483 10776
487 3837
491 1
499 3850
500 1925
501 2007
518 13593
521 16
522 16184
fl=./elf/./elf/dl-minimal-malloc.c
fn=__minimal_calloc
80 85
84 17
87 17
88 51
fn=__minimal_free
97 3
99 12
fn=__minimal_malloc
36 336
37 126
42 3
43 2
44 2
48 167
51 282
56 12
57 12
59 3
60 24
62 6
64 12
65 9
67 8
70 43
71 46
73 252
fl=./elf/./elf/dl-minimal.c
fn=__rtld_malloc_init_real
76 10
86 2
87 1
89 1
91 6
92 5
93 5
94 4
99 1
100 1
101 1
102 1
103 8
fn=__rtld_malloc_init_stubs
42 1
43 2
44 2
45 2
46 2
47 1
fn=lookup_malloc_symbol
61 36
63 4
64 28
68 28
69 28
71 4
72 24
fn=strsep
239 2
242 4
244 2
245 4
247 2
249 47
251 28
254 56
256 84
264 14
267 1
271 4
fl=./elf/./elf/dl-misc.c
fn=_dl_higher_prime_number
87 2
124 2
125 2
127 26
129 80
130 30
131 6
133 7
145 2
146 2
fn=_dl_name_match_p
68 812
69 464
70 20
72 116
74 458
75 665
80 113
82 96
83 464
fn=_dl_sysdep_read_whole_file
36 11
39 3
40 2
42 6
44 2
47 2
49 8
60 3
63 8
fl=./elf/./elf/dl-object.c
fn=_dl_add_to_namespace_list
31 54
33 18
35 53
38 80
40 5
42 5
45 2
46 18
47 12
48 12
50 12
51 30
fn=_dl_new_object
59 90
62 12
64 2
66 3
67 2
71 6
77 2
80 10
83 26
87 10
92 5
95 12
98 6
99 6
100 12
103 12
104 42
106 6
119 28
123 5
125 1
127 42
130 12
131 12
132 6
136 6
139 40
141 20
149 12
150 6
153 1
155 36
157 20
160 14
164 24
168 35
176 1
179 12
189 24
191 20
195 15
199 10
200 10
208 5
212 5
245 20
250 168
251 168
255 10
256 5
259 5
263 54
fl=./elf/./elf/dl-reloc.c
fn=_dl_relocate_object
170 14884
171 7272
174 24756
175 20260
177 1689
178 6754
182 3894
183 1947
184 1947
186 15582
187 9705
188 3882
190 13726
193 1947
194 13629
196 1689
207 88
208 16
220 14
221 21
224 28
226 21
228 7
229 21
251 35
252 14
253 3
255 14
262 21
301 10279
304 35
328 7
331 14
348 21
350 64
356 42
359 14
363 14
364 42
fl=./elf/./elf/dl-runtime.c
fn=_dl_fixup
46 792
48 360
49 216
54 72
55 288
56 504
58 144
63 144
67 144
69 72
71 216
75 216
76 288
77 216
84 72
85 216
95 792
99 360
109 720
124 288
125 2
133 216
159 216
163 576
fl=./elf/./elf/dl-setup_hash.c
fn=_dl_setup_hash
25 14
28 21
31 21
32 14
33 7
34 7
36 21
37 7
38 21
40 7
41 14
43 7
45 21
50 7
fl=./elf/./elf/dl-sort-maps.c
fn=_dl_sort_maps
140 64
181 2
182 4
183 52
184 28
211 34
216 4
218 2
219 10
221 44
223 14
226 40
244 8
263 8
276 8
283 2
298 26
306 6
310 18
fn=_dl_sort_maps_init
289 4
290 4
291 1
292 3
293 2
fn=dfs_traversal.part.0
135 126
140 70
143 14
145 42
147 186
156 49
171 42
172 14
173 90
fl=./elf/./elf/dl-tunables.c
fn=__GI___tunable_set_val
72 50
82 5
93 40
94 25
97 10
100 35
104 10
111 10
112 10
115 25
116 5
117 5
118 5
153 30
157 15
fn=__GI___tunables_init
42 215
45 42
48 3983
52 84
56 168
128 1
261 10
267 4
281 6888
283 2
287 12474
304 8
fn=__tunable_get_val
387 80
390 474
399 52
400 15
409 31
416 240
418 40
fl=./elf/./elf/dl-tunables.h
fn=__GI___tunable_set_val
141 10
142 10
151 5
fn=__GI___tunables_init
160 804
161 1956
fl=./elf/./elf/dl-version.c
fn=_dl_check_all_versions
392 7
394 1
396 26
397 7
398 63
401 7
fn=_dl_check_map_versions
36 202
37 53
38 337
56 272
64 204
70 204
86 68
87 136
89 68
94 2888
108 2548
110 68
113 544
120 3618
124 1206
155 70
156 7
164 12
170 21
172 35
174 7
175 7
177 14
180 15
184 40
198 7
200 36
208 36
213 36
215 56
217 272
218 553
221 136
224 204
225 5
228 26
231 272
234 204
239 56
243 36
248 7
257 30
260 10
263 551
266 412
270 129
274 18
279 6
280 24
281 18
291 6
294 32
296 12
299 20
301 7
303 36
306 204
308 272
310 340
311 136
312 204
313 204
316 204
321 56
324 36
329 7
334 12
337 10
341 129
343 268
347 129
348 645
349 387
350 129
353 402
357 129
365 10
366 10
367 10
368 4
370 4
372 124
373 60
375 2
376 7
387 63
fl=./elf/./elf/do-rel.h
fn=_dl_relocate_object
49 42
50 42
51 7
53 70
72 8
73 9
80 42
83 3352
85 4448
96 12
97 4
114 36
123 4234
124 2804
126 36
129 40
131 14914
133 18575
134 14860
135 11145
136 14860
138 11145
141 272
142 68
143 68
147 3647
150 10964
151 462
164 24
165 285
166 252
169 204
171 272
172 68
173 136
180 31
182 42
183 12
185 18
193 6
196 18
211 7
fn=_dl_start
49 6
50 4
51 1
53 10
56 4
61 13
63 9
64 6
65 3
fl=./elf/./elf/get-dynamic-info.h
fn=_dl_map_object_from_fd
39 10
43 5
45 567
49 276
51 74
52 37
53 6
54 129
55 109
56 25
59 20
62 20
64 20
68 138
72 20
84 17
85 20
86 20
87 20
88 17
89 19
90 19
91 20
103 40
110 16
115 8
122 8
123 15
129 15
130 6
147 15
152 4
154 4
156 4
158 4
159 4
162 15
164 9
165 6
174 6
175 9
180 6
181 6
184 10
fl=./elf/./elf/libc-dl-profstub.c
fn=_dl_mcount_wrapper_check
36 128
37 384
38 128
fl=./elf/./elf/libc_early_init.c
fn=__libc_early_init
33 9
35 1
38 2
41 2
47 4
49 2
fl=./elf/./elf/rtld.c
fn=_dl_start
85 8
458 2
476 3
477 1
478 2
488 1
494 4
496 2
517 16
543 1
546 2
547 4
563 190
565 1
578 1
585 9
fn=dl_main
85 17
92 12
93 2
101 9
197 2
199 1
224 3
225 5
226 4
296 3
302 1
303 1
837 1
839 1
848 1
850 1
855 1
1115 1
1116 1
1118 1
1122 3
1124 1
1125 1
1140 1
1143 50
1144 127
1148 4
1153 3
1154 9
1163 2
1164 2
1166 1
1173 3
1191 2
1199 8
1200 17
1201 8
1202 1
1204 12
1205 14
1209 8
1210 8
1211 4
1215 12
1221 3
1227 4
1228 1
1233 4
1234 2
1235 1
1238 2
1243 2
1247 3
1253 30
1254 66
1260 18
1266 4
1268 3
1269 3
1271 3
1346 13
1351 1
1352 1
1357 1
1373 3
1374 4
1637 10
1639 2
1640 3
1641 2
1642 3
1646 2
1647 2
1672 3
1673 5
1674 3
1675 3
1678 1
1680 1
1681 1
1683 2
1684 2
1688 2
1690 2
1698 4
1705 2
1708 2
1733 4
1735 1
1740 2
1743 4
1744 4
1745 3
1746 1
1747 1
1748 1
1759 2
1760 2
1762 2
1764 1
1765 3
1770 5
1771 5
1773 3
1779 2
1788 2
1792 1
1793 2
1817 2
1823 1
1824 1
1825 1
1829 3
1834 3
1836 1
1838 2
1842 5
1847 2
1863 6
1939 4
1943 19
1944 1
1947 3
1948 1
1949 2
1950 2
1955 3
1965 9
1971 31
1972 18
1975 3
1976 2
1977 1
1979 26
1980 12
1984 2
1990 1
1992 3
1993 2
1995 2
1997 3
1999 3
2000 1
2001 2
2013 2
2014 2
2015 3
2026 5
2027 4
2028 5
2038 2
2039 2
2040 4
2042 2
2047 3
2246 3
2250 3
2256 2
2259 2
2267 2
2279 3
2282 3
2284 3
2285 6
2292 2
2293 30
2295 14
2300 14
2302 16
2304 1
2305 1
2308 7
2310 14
2311 48
2315 22
2316 12
2325 2
2329 4
2331 1
2338 4
2341 2
2345 3
2347 2
2357 1
2362 3
2365 1
2371 1
2372 5
2380 3
2387 1
2390 3
2394 3
2395 1
2396 1
2397 1
2401 1
2406 8
2538 1
2598 1
2600 2
2602 15
2604 2
2606 107
2607 19
2615 13
2640 2
2650 4
2652 2
2653 1
2687 5
2689 2
2690 2
2691 1
2727 5
2749 3
fn=handle_preload_list
183 3
806 1
810 2
811 2
812 1
814 1
816 6
817 3
825 3
869 13
870 3
874 5
877 4
878 3
880 4
881 2
887 1
889 2
891 2
892 1
895 9
fn=init_tls
734 4
736 2
740 3
746 2
749 1
750 1
751 1
755 1
757 1
761 2
762 2
763 18
764 7
765 14
769 12
771 4
773 3
776 2
779 1
786 2
787 2
793 2
797 1
800 5
fn=map_doit
641 6
643 4
644 6
646 3
fn=version_check_doit
674 6
676 6
680 3
fl=./elf/./get-dynamic-info.h
fn=_dl_start
45 75
49 36
51 10
52 5
54 20
55 16
56 5
59 4
62 4
64 4
68 18
72 3
84 4
85 3
86 4
87 4
88 5
89 3
90 4
91 4
103 10
110 3
123 3
129 3
130 3
133 2
134 3
139 5
142 5
fn=dl_main
39 4
43 1
45 115
49 56
51 12
52 6
54 25
55 21
56 5
59 4
62 4
64 4
68 28
72 7
84 3
85 5
86 5
87 5
88 4
89 5
90 5
91 5
103 9
110 3
115 2
122 3
123 4
129 3
147 4
152 2
154 2
156 2
158 2
159 2
162 4
164 3
165 2
174 2
175 3
180 2
181 3
184 3
fl=./elf/./setup-vdso.h
fn=dl_main
24 2
fl=./iconv/./iconv/gconv_simple.c
fn=__gconv_btwoc_ascii
49 128
51 512
54 128
fl=./io/../sysdeps/unix/sysv/linux/access.c
fn=access
25 1
27 7
31 1
fl=./io/../sysdeps/unix/sysv/linux/close.c
fn=close
26 16
27 96
28 16
fl=./io/../sysdeps/unix/sysv/linux/close_nocancel.c
fn=__GI___close_nocancel
25 6
26 24
27 6
fl=./io/../sysdeps/unix/sysv/linux/fstat64.c
fn=fstat
30 7
39 28
72 7
fl=./io/../sysdeps/unix/sysv/linux/fstatat64.c
fn=fstatat
91 6
146 6
160 4
161 11
162 1
fl=./io/../sysdeps/unix/sysv/linux/open64_nocancel.c
fn=__open_nocancel
28 48
31 84
39 102
41 24
fl=./io/../sysdeps/unix/sysv/linux/pread64_nocancel.c
fn=__pread64_nocancel
25 4
26 8
27 2
fl=./io/../sysdeps/unix/sysv/linux/read_nocancel.c
fn=__read_nocancel
25 5
26 20
27 5
fl=./io/../sysdeps/unix/sysv/linux/stat64.c
fn=stat
28 6
29 12
fl=./io/../sysdeps/unix/sysv/linux/write.c
fn=write
25 17
26 102
27 17
fl=./libio/../include/sys/sysmacros.h
fn=_IO_file_doallocate
47 6
fl=./libio/./libio/filedoalloc.c
fn=_IO_file_doallocate
78 11
84 9
86 4
89 2
91 2
94 2
97 4
101 3
102 2
104 4
105 1
106 9
fl=./libio/./libio/fileops.c
fn=_IO_do_write@@GLIBC_2.2.5
424 157
426 94
427 105
434 26
441 52
444 13
449 65
450 65
452 39
453 26
454 13
455 26
456 52
fn=_IO_file_overflow@@GLIBC_2.2.5
732 152
733 76
740 93
743 2
745 2
746 6
755 3
764 3
765 1
766 1
767 1
768 1
769 3
771 3
772 5
773 2
775 38
776 26
777 31
778 12
781 18
782 18
783 24
784 4
785 3
787 6
788 101
fn=_IO_file_setbuf@@GLIBC_2.2.5
382 6
383 3
386 1
388 3
390 2
391 3
fn=_IO_file_stat
1147 1
1148 2
fn=_IO_file_sync@@GLIBC_2.2.5
793 84
798 48
800 12
801 24
812 24
816 60
fn=_IO_file_write@@GLIBC_2.2.5
1174 104
1175 26
1176 78
1180 39
1181 39
1182 26
1187 13
1188 13
1190 39
1191 39
1194 78
fn=_IO_file_xsputn@@GLIBC_2.2.5
444 24
446 24
1198 333
1200 1
1204 148
1205 37
1211 148
1213 146
1214 72
1217 412
1219 456
1221 12
1228 3
1229 24
1232 36
1234 72
1236 180
1237 36
1238 108
1240 72
1244 78
1250 26
1251 65
1253 39
1264 26
1265 4
1267 3
1268 333
fl=./libio/./libio/genops.c
fn=_IO_cleanup
776 6
777 10
780 13
784 3
785 36
792 7
794 6
796 4
798 2
800 3
801 1
805 5
807 3
814 3
816 30
817 3
821 7
822 2
842 12
843 2
855 12
fn=_IO_default_setbuf
330 5
332 1
333 1
337 2
452 10
453 5
455 4
457 3
458 2
462 1
466 4
467 1
468 6
fn=_IO_default_xsputn
371 11
373 2
374 4
375 1
379 24
399 52
401 5
404 8
fn=_IO_doallocbuf
343 8
344 2
346 3
347 5
350 6
fn=_IO_flush_all
686 12
687 3
691 6
692 9
695 12
697 3
698 36
700 21
708 33
709 3
713 7
714 2
718 12
fn=_IO_setb
329 11
330 4
332 1
333 1
335 6
338 6
fn=__overflow
199 5
201 3
203 3
204 2
fl=./libio/./libio/iofflush.c
fn=fflush
32 66
33 22
39 132
40 55
44 55
fl=./libio/./libio/iofwrite.c
fn=fwrite
31 333
32 74
35 222
37 518
38 184
39 259
45 148
46 37
49 333
fl=./libio/./libio/libioP.h
fn=_IO_cleanup
1025 3
1026 2
fn=_IO_default_setbuf
1025 3
1026 2
fn=_IO_default_xsputn
1025 11
1026 10
fn=_IO_do_write@@GLIBC_2.2.5
1025 39
1026 26
fn=_IO_doallocbuf
1025 3
1026 2
fn=_IO_file_doallocate
1025 3
1026 2
fn=_IO_file_xsputn@@GLIBC_2.2.5
1025 39
1026 26
fn=_IO_flush_all
1025 2
fn=__overflow
1025 3
1026 2
fn=fflush
979 22
980 88
1025 33
1026 22
fn=fwrite
979 74
980 333
1025 74
1026 74
fl=./libio/./libio/putc.c
fn=putc
25 9
28 2
29 7
34 5
fl=./libio/./libio/vtables.c
fn=check_stdfiles_vtables
545 1
546 4
547 3
548 3
550 1
fl=./locale/./locale/newlocale.c
fn=newlocale
43 15
55 2
56 1
63 2
66 3
73 4
75 1
277 12
fl=./locale/./locale/uselocale.c
fn=uselocale
30 2
31 6
33 4
36 4
37 2
65 6
66 6
68 6
72 6
73 2
fl=./malloc/../string/bits/string_fortified.h
fn=tcache_init.part.0
59 88
fl=./malloc/../sysdeps/unix/sysv/linux/not-cancel.h
fn=ptmalloc_init.part.0
97 6
fl=./malloc/./malloc/arena.c
fn=free
153 388821
fn=malloc
153 258992
264 1
fn=ptmalloc_init.part.0
262 8
267 1
292 2
296 3
300 4
301 4
302 4
303 4
304 4
305 4
306 4
308 4
309 4
310 4
313 4
314 4
316 2
326 8
fl=./malloc/./malloc/malloc.c
fn=_int_free
1792 129436
1992 341550
3163 348
3165 696
3166 174
3167 348
4495 907270
4499 388830
4505 518440
4506 259220
4510 648050
4517 259220
4518 777660
4521 129378
4527 388134
4547 646890
4550 174
4561 258872
4572 455400
4574 341550
4593 113850
4595 113850
4596 113850
4600 341550
4602 227700
4606 227700
4608 341550
4609 113850
4628 455400
4637 31172
4640 31172
4643 31172
4646 31172
4658 762074
fn=_int_free_maybe_consolidate
4770 171446
4776 31172
4778 172
4779 10
4781 129
4784 215
4798 171446
fn=_int_free_merge_chunk
1992 46758
4665 124688
4666 15586
4670 93516
4673 36190
4675 7527
4678 46758
4681 31172
4682 31172
4683 31172
4689 31172
4691 1293
4692 1293
4693 1293
4694 5172
4696 2586
4701 46758
4702 109102
4714 31172
4720 31156
4721 2040
4722 2040
4724 14558
4732 15578
4733 62312
4734 31156
4736 15578
4738 31156
4740 3639
4743 15578
4744 15578
4746 46734
4747 15578
4756 8
4757 24
4758 16
fn=_int_malloc
1326 258994
1345 776982
1794 129497
1985 5637
2008 248
2017 2
2552 420
2553 65
2564 140
2565 15
2568 20
2576 30
2577 10
2589 260
2590 130
2599 772
2605 192
2608 195
2669 195
2677 130
2678 186
2691 195
2693 65
2699 325
2707 130
2709 260
2710 195
2711 61
2712 65
2715 130
2727 12
2728 4
2732 28
2734 8
2738 8
2742 8
2744 431
2745 1
2746 134
2752 492
2753 360
2755 12
2782 6
2783 1
2795 3
2814 2
2817 2
2818 6
2820 1
2821 6
2833 5
2847 8
2866 8
2873 5
2875 5
2876 25
2877 5
2888 15
2895 8
2896 12
2904 4
2906 4
2911 8
2913 15
2921 195
2922 65
2926 65
2930 325
2932 65
2933 65
2934 65
2935 455
2936 130
2938 65
3159 20
3163 78
3165 272
3166 78
3167 78
3168 20
3178 29
3182 58
3186 116
3190 58
3191 58
3199 29
3846 1424467
3882 1
3887 258994
3914 258994
3916 455496
3919 113874
3921 227748
3930 341622
3977 31246
3979 320046
3980 258514
3982 387771
3984 12
3985 24
3987 12
3988 12
3989 12
3991 36
3997 24
3998 72
4003 90
4004 44
4006 20
4008 10
4009 10
4010 20
4012 10
4013 10
4020 12
4039 1527
4040 720
4041 15
4058 388453
4059 388455
4060 388455
4069 39960
4070 670335
4072 20433
4073 40866
4074 20433
4076 40866
4077 61299
4079 20433
4080 81732
4082 81732
4084 40866
4085 40866
4087 40866
4098 81732
4099 39906
4100 38662
4101 19331
4104 17940
4105 17940
4106 17940
4107 53820
4108 53820
4109 35880
4111 32566
4115 143520
4117 53820
4118 17940
4121 17969
4122 53820
4123 17940
4127 2493
4128 2493
4132 4986
4134 58
4135 87
4140 58
4141 174
4144 2
4161 4941
4163 4686
4164 9372
4165 2343
4169 2131
4170 352
4171 121
4174 242
4177 11
4179 44
4180 22
4186 16
4187 4
4188 12
4192 21
4193 14
4199 7
4205 28
4206 7
4207 14
4209 7
4210 21
4212 7
4213 14
4218 440
4221 17248
4222 2464
4223 2464
4224 2464
4225 2464
4230 4928
4231 4928
4232 19
4233 76
4240 9856
4246 4024
4248 29
4257 334566
4259 960
4262 720
4263 111522
4330 111522
4331 223044
4332 223044
4333 223044
4334 669132
4339 450137
4343 1181112
4346 1264852
4348 1088
4349 544
4353 35960
4355 14702
4357 29404
4361 3278
4364 6556
4366 7055
4367 1411
4368 1411
4373 7468
4376 3737
4378 5601
4381 5601
4384 7468
4386 407
4387 1221
4394 1460
4399 5840
4400 2920
4403 1460
4404 1460
4405 1460
4408 2920
4409 1441
4410 2920
4412 234
4415 11680
4417 4380
4418 1460
4421 1867
4443 109655
4444 219310
4446 219310
4449 328965
4451 109579
4452 219158
4453 109579
4454 876632
4456 219158
4459 219158
4460 328947
4461 109649
4466 304
4468 12
4470 18
4471 12
4482 75
4487 1553964
fn=alloc_perturb
1985 382767
1987 127589
fn=free
3359 907284
3363 259224
3371 259224
3373 129612
3375 388836
3379 15
3381 20
3383 10
3384 10
3385 5
3388 10
3392 388821
3398 388821
3401 129612
3402 777672
fn=malloc
1326 259228
1345 648070
3178 236
3182 236
3186 472
3190 236
3191 118
3248 4
3294 1036912
3301 259228
3311 259228
3313 518456
3316 259228
3318 388128
3326 258992
3328 517984
3329 647480
3354 777684
fn=malloc_consolidate
4811 144
4826 16
4828 32
4839 16
4841 320
4842 320
4845 26714
4849 40071
4850 53428
4855 66785
4858 26714
4859 13357
4860 40071
4862 26714
4863 5406
4864 5406
4865 5406
4866 21624
4868 64872
4871 26714
4874 26712
4875 8188
4876 65504
4878 10336
4880 13356
4881 26712
4882 26712
4884 26712
4885 14462
4889 40068
4891 13356
4892 29732
4896 1
4897 2
4898 2
4901 40052
4904 480
4905 128
fn=munmap_chunk
3024 10
3025 10
3026 15
3028 10
3030 5
3031 15
3032 5
3038 20
3039 25
3042 5
3043 15
3048 10
3049 5
fn=ptmalloc_init.part.0
1946 385
1949 381
1957 1
1958 1
1960 1
3143 2
fn=sysmalloc_mmap.isra.0
2008 20
2400 30
2413 15
2418 10
2421 50
2424 10
2428 10
2432 20
2448 15
2466 5
2467 15
2471 15
2472 21
2475 15
2476 25
2481 35
fn=sysmalloc_mmap_fallback.constprop.0
2008 16
2490 44
2494 4
2497 12
2498 5
2501 8
2502 8
2505 8
2506 4
2508 36
2511 8
2515 8
2519 16
2524 4
2526 4
2528 36
fn=tcache_init.part.0
3242 4
3251 8
3252 3
3253 2
3261 4
3270 2
3274 3
fn=unlink_chunk.isra.0
1608 35548
1610 88870
1613 35548
1614 35548
1616 71096
1619 17774
1620 17774
1621 59950
1623 242
1624 363
1627 242
1641 121
1642 121
1645 35548
fl=./malloc/./malloc/morecore.c
fn=__glibc_morecore
25 198
26 132
27 4
29 66
30 132
34 132
fl=./malloc/./malloc/scratch_buffer_set_array_size.c
fn=__libc_scratch_buffer_set_array_size
30 65
34 5
35 10
45 10
46 5
63 30
fl=./math/../sysdeps/x86_64/fpu/multiarch/e_asin.c
fn=__acos_finite@GLIBC_2.15
35 1
fn=__asin_finite@GLIBC_2.15
27 2
fl=./math/../sysdeps/x86_64/fpu/multiarch/e_atan2.c
fn=__atan2_finite@GLIBC_2.15
26 2
fl=./math/../sysdeps/x86_64/fpu/multiarch/e_exp.c
fn=__exp_finite@GLIBC_2.15
27 2
fl=./math/../sysdeps/x86_64/fpu/multiarch/e_exp2f.c
fn=exp2f@@GLIBC_2.27
27 2
fl=./math/../sysdeps/x86_64/fpu/multiarch/e_expf.c
fn=expf@@GLIBC_2.27
27 2
fl=./math/../sysdeps/x86_64/fpu/multiarch/e_log.c
fn=__log_finite@GLIBC_2.15
27 2
fl=./math/../sysdeps/x86_64/fpu/multiarch/e_log2.c
fn=log2@@GLIBC_2.29
27 2
fl=./math/../sysdeps/x86_64/fpu/multiarch/e_log2f.c
fn=log2f@@GLIBC_2.27
27 2
fl=./math/../sysdeps/x86_64/fpu/multiarch/e_logf.c
fn=logf@@GLIBC_2.27
27 2
fl=./math/../sysdeps/x86_64/fpu/multiarch/e_pow.c
fn=__pow_finite@GLIBC_2.15
27 2
fl=./math/../sysdeps/x86_64/fpu/multiarch/e_powf.c
fn=powf@@GLIBC_2.27
30 1
fl=./math/../sysdeps/x86_64/fpu/multiarch/ifunc-avx-fma4.h
fn=__atan2_finite@GLIBC_2.15
32 5
33 2
fn=__exp_finite@GLIBC_2.15
32 5
33 2
fn=__log_finite@GLIBC_2.15
32 5
33 2
fn=cos
32 5
33 2
fn=sin
32 5
33 2
fl=./math/../sysdeps/x86_64/fpu/multiarch/ifunc-fma.h
fn=__log1p
29 4
30 3
fn=cosf
29 4
30 3
fn=exp2f@@GLIBC_2.27
29 4
30 3
fn=expf@@GLIBC_2.27
29 4
30 3
fn=expm1
29 4
30 3
fn=log2@@GLIBC_2.29
29 4
30 3
fn=log2f@@GLIBC_2.27
29 4
30 3
fn=logf@@GLIBC_2.27
29 4
30 3
fn=powf@@GLIBC_2.27
29 4
30 4
fn=sincosf
29 4
30 3
fn=sinf
29 4
30 3
fl=./math/../sysdeps/x86_64/fpu/multiarch/ifunc-fma4.h
fn=__acos_finite@GLIBC_2.15
31 4
32 2
35 1
fn=__asin_finite@GLIBC_2.15
31 4
32 2
fn=__pow_finite@GLIBC_2.15
31 4
32 2
fn=sincos
31 4
32 2
fl=./math/../sysdeps/x86_64/fpu/multiarch/s_cosf.c
fn=cosf
26 2
fl=./math/../sysdeps/x86_64/fpu/multiarch/s_expm1.c
fn=expm1
26 2
fl=./math/../sysdeps/x86_64/fpu/multiarch/s_fma.c
fn=fma
49 6
fl=./math/../sysdeps/x86_64/fpu/multiarch/s_log1p.c
fn=__log1p
26 2
fl=./math/../sysdeps/x86_64/fpu/multiarch/s_sin.c
fn=cos
34 2
fn=sin
27 2
fl=./math/../sysdeps/x86_64/fpu/multiarch/s_sincos.c
fn=sincos
26 2
fl=./math/../sysdeps/x86_64/fpu/multiarch/s_sincosf.c
fn=sincosf
26 2
fl=./math/../sysdeps/x86_64/fpu/multiarch/s_sinf.c
fn=sinf
26 2
fl=./misc/../sysdeps/unix/syscall-template.S
fn=epoll_create1
120 20
122 4
fn=epoll_ctl
120 72
122 12
fn=eventfd
120 20
122 4
fn=mprotect
117 35
122 7
fn=munmap
117 30
122 6
fn=timerfd_create
120 20
122 4
fl=./misc/../sysdeps/unix/sysv/linux/brk.c
fn=brk
36 66
37 132
38 132
40 8
41 8
44 62
45 62
fl=./misc/../sysdeps/unix/sysv/linux/brk_call.h
fn=brk
24 132
fl=./misc/../sysdeps/unix/sysv/linux/mmap64.c
fn=mmap
47 245
50 70
53 170
58 210
60 140
fl=./misc/../sysdeps/unix/sysv/linux/setvmaname.c
fn=__set_vma_name
33 75
35 56
40 14
47 2
48 1
49 90
fl=./misc/./misc/init-misc.c
fn=__init_misc
30 5
31 6
33 3
37 5
38 3
40 4
fl=./misc/./misc/sbrk.c
fn=sbrk
37 528
40 132
43 132
50 4
58 132
59 4
62 132
63 2
66 260
74 195
78 462
fl=./nptl/../string/bits/string_fortified.h
fn=pthread_cond_init@@GLIBC_2.3.2
59 16
fn=pthread_mutex_init@@GLIBC_2.2.5
59 100
fl=./nptl/../sysdeps/nptl/futex-internal.h
fn=__pthread_once_slow
209 8
fn=pthread_cond_destroy@@GLIBC_2.3.2
146 16
fl=./nptl/../sysdeps/unix/sysv/linux/x86/elision-conf.c
fn=__lll_elision_init
92 8
96 5
98 4
100 4
102 4
104 4
107 3
108 1
109 6
fl=./nptl/./nptl/cleanup_compat.c
fn=_pthread_cleanup_pop@@GLIBC_2.34
40 1
43 2
47 2
49 1
fn=_pthread_cleanup_push@@GLIBC_2.34
25 1
28 1
29 1
30 2
32 1
33 1
fl=./nptl/./nptl/libc-cleanup.c
fn=__libc_cleanup_pop_restore
54 2
55 2
57 4
59 2
60 6
71 2
fn=__libc_cleanup_push_defer
24 2
25 2
27 4
29 4
32 4
46 6
48 2
49 2
fl=./nptl/./nptl/pthread_cond_destroy.c
fn=pthread_cond_destroy@@GLIBC_2.3.2
42 4
43 4
49 28
50 4
51 16
59 8
fl=./nptl/./nptl/pthread_cond_init.c
fn=pthread_cond_init@@GLIBC_2.3.2
27 4
38 24
44 8
45 4
47 4
50 8
fl=./nptl/./nptl/pthread_condattr_destroy.c
fn=pthread_condattr_destroy
23 4
26 8
fl=./nptl/./nptl/pthread_condattr_init.c
fn=pthread_condattr_init
24 4
31 4
34 8
fl=./nptl/./nptl/pthread_condattr_setclock.c
fn=pthread_condattr_setclock@@GLIBC_2.34
28 4
30 8
33 4
40 8
41 12
43 4
44 4
fl=./nptl/./nptl/pthread_mutex_conf.c
fn=__pthread_tunables_init
55 8
56 5
58 4
60 4
62 6
fl=./nptl/./nptl/pthread_mutex_destroy.c
fn=pthread_mutex_destroy@@GLIBC_2.2.5
26 20
27 20
31 60
33 60
34 20
39 20
41 20
42 20
fl=./nptl/./nptl/pthread_mutex_init.c
fn=pthread_mutex_init@@GLIBC_2.2.5
53 240
65 60
92 40
105 120
136 80
140 20
149 20
151 20
152 200
fl=./nptl/./nptl/pthread_mutex_lock.c
fn=pthread_mutex_lock@@GLIBC_2.2.5
44 113165
45 792155
46 226329
77 565825
80 339495
82 113165
84 226330
88 226330
90 339492
94 339492
97 2
108 4
112 1
115 2
124 113165
130 3
131 2
179 113165
182 113165
184 113165
187 113165
190 339495
fl=./nptl/./nptl/pthread_mutex_unlock.c
fn=pthread_mutex_unlock@@GLIBC_2.2.5
39 113165
40 452660
41 113165
51 339495
52 226330
57 226330
62 113165
65 113165
70 113165
72 113165
74 2
80 4
84 3
87 2
367 452660
369 226330
fl=./nptl/./nptl/pthread_once.c
fn=__pthread_once_slow
68 11
76 1
80 2
88 2
92 2
101 4
114 13
116 1
118 3
124 1
132 10
fn=pthread_once@@GLIBC_2.34
136 14
139 14
140 28
143 1
144 26
fl=./posix/../malloc/dynarray-skeleton.c
fn=__unregister_atfork
243 5
fl=./posix/../sysdeps/unix/sysv/linux/_exit.c
fn=_Exit
27 2
30 4
fl=./posix/./posix/register-atfork.c
fn=__unregister_atfork
71 10
82 30
83 20
109 20
110 15
fl=./resolv/../string/bits/string_fortified.h
fn=inet_pton
59 16
fn=inet_pton4
29 16
fl=./resolv/./resolv/inet_pton.c
fn=inet_pton
51 24
54 28
56 4
68 112
69 16
70 64
129 48
130 12
131 12
133 12
152 4
153 4
156 8
157 8
158 8
160 4
165 4
166 4
167 4
168 32
170 48
172 12
174 24
176 12
177 12
178 24
180 12
183 8
203 20
204 24
219 8
230 8
fn=inet_pton4
82 56
86 8
87 8
88 24
89 176
91 144
92 216
94 192
96 96
98 128
100 48
101 16
103 96
105 32
108 48
110 96
112 48
113 24
118 16
121 16
122 40
fl=./resource/../sysdeps/unix/sysv/linux/getrlimit64.c
fn=getrlimit
38 2
39 7
40 1
fl=./setjmp/../sysdeps/x86_64/bsd-_setjmp.S
fn=_setjmp
28 1
30 1
32 1
fl=./setjmp/../sysdeps/x86_64/setjmp.S
fn=__sigsetjmp
31 14
33 14
42 14
43 28
44 14
48 14
49 14
50 14
51 14
52 14
54 28
56 14
57 14
58 14
60 28
62 14
67 1
68 1
70 13
73 13
74 13
81 13
82 13
85 1
fl=./setjmp/./setjmp/sigjmp.c
fn=__sigjmp_save
28 6
29 1
30 2
34 4
fl=./socket/../sysdeps/unix/syscall-template.S
fn=socket
120 20
122 4
fl=./socket/../sysdeps/unix/sysv/linux/setsockopt.c
fn=setsockopt
29 16
94 8
103 4
fl=./stdlib/./stdlib/cxa_atexit.c
fn=__cxa_atexit
41 40
43 160
44 40
46 40
52 60
53 20
54 20
55 20
56 20
57 80
58 20
67 140
69 120
fn=__new_exitfn
80 100
81 20
86 40
91 124
93 80
94 95
101 1
104 38
122 1
123 1
129 57
130 38
134 1
136 20
137 20
141 100
fl=./stdlib/./stdlib/cxa_finalize.c
fn=__cxa_finalize
30 50
33 35
36 35
40 196
41 132
43 22
45 11
76 11
78 33
81 44
82 33
83 44
87 33
93 35
97 30
105 10
106 20
107 40
fl=./stdlib/./stdlib/cxa_thread_atexit_impl.c
fn=__call_tls_dtors
148 5
149 4
165 4
fl=./stdlib/./stdlib/exit.c
fn=__run_exit_handlers
38 12
40 2
41 2
43 5
54 2
56 2
60 1
64 63
66 40
67 20
69 162
94 2
101 9
102 9
103 9
104 27
107 36
108 27
109 36
113 27
119 3
120 2
126 4
128 2
129 2
131 2
fn=exit
137 3
138 4
fl=./stdlib/./stdlib/getenv.c
fn=getenv
24 9
25 8
28 2
29 171
31 84
32 18
37 9
fl=./stdlib/./stdlib/secure-getenv.c
fn=secure_getenv
28 1
29 5
fl=./string/../include/rtld-malloc.h
fn=strdup
56 12
fl=./string/../string/strcspn.c
fn=strcspn
32 6
33 3
34 2
39 6
40 4
41 4
42 4
44 1
47 9
48 6
51 4
52 4
53 4
54 4
56 3
61 12
62 24
63 24
64 24
65 12
67 72
69 1
70 4
71 3
fl=./string/../sysdeps/x86/cacheinfo.c
fn=__x86_cacheinfo
86 1
fl=./string/../sysdeps/x86/cacheinfo.h
fn=__x86_cacheinfo
59 1
62 3
64 3
65 1
71 3
73 3
74 1
78 2
80 2
81 2
82 2
84 2
86 2
fl=./string/../sysdeps/x86_64/multiarch/../multiarch/memcmp-sse2.S
fn=bcmp
59 1
71 1
72 1
94 1
95 1
140 1
141 1
143 1
144 1
146 1
147 1
149 1
150 1
197 1
198 1
199 1
200 1
201 1
202 1
fl=./string/../sysdeps/x86_64/multiarch/../multiarch/memset-vec-unaligned-erms.S
fn=memset
132 13
133 65
138 13
139 13
142 5
143 5
145 1
146 1
147 1
244 4
245 4
257 4
260 4
261 4
273 4
274 4
287 4
288 4
290 4
293 3
296 6
299 93
300 93
301 93
302 93
303 93
304 93
305 93
308 4
309 4
310 4
311 4
316 4
350 8
352 8
353 8
392 8
393 8
395 8
fl=./string/../sysdeps/x86_64/multiarch/../multiarch/strchr-sse2.S
fn=index
32 28
33 28
34 28
35 28
36 28
37 28
38 28
39 28
40 28
41 28
42 28
43 28
44 28
45 28
46 28
47 28
48 28
49 28
50 23
54 23
55 23
56 23
57 23
59 23
63 5
64 5
65 5
66 5
67 5
68 5
69 5
70 5
71 5
72 5
73 5
74 5
75 5
76 5
77 5
78 5
79 5
80 5
81 5
82 5
83 5
84 5
85 5
86 5
138 5
142 5
143 5
144 5
145 5
147 5
fl=./string/../sysdeps/x86_64/multiarch/../multiarch/strcmp-sse2.S
fn=strcmp
98 2589
131 2589
132 2589
134 2589
135 2589
156 2589
157 2589
158 2399
159 2399
160 2266
161 2266
162 2266
163 2266
180 2266
181 2266
182 2266
183 2266
184 2266
185 2266
186 2266
191 77
192 231
201 400
202 400
203 400
204 400
205 400
206 400
207 400
208 400
209 310
210 152
211 152
212 152
214 310
215 310
216 310
217 310
218 310
219 310
229 90
230 90
231 90
233 90
239 90
240 90
241 90
242 90
243 90
248 90
250 78
251 78
252 156
260 79
261 79
264 79
265 79
266 79
267 79
268 79
269 79
275 4
276 4
277 4
280 4
281 4
282 4
283 4
284 4
285 4
290 1
291 1
300 6
301 6
302 6
303 6
304 6
306 6
307 6
308 6
309 6
310 6
311 6
312 6
313 6
316 6
317 6
318 6
324 6
325 6
326 12
330 6
331 6
334 6
335 6
336 6
338 6
339 6
340 6
344 6
345 6
346 6
347 6
348 6
349 6
424 1
425 1
426 1
427 1
428 1
430 1
431 1
432 1
433 1
434 1
435 1
436 1
437 1
440 1
441 1
442 1
448 1
449 1
450 2
454 1
455 1
458 1
459 1
460 1
462 1
463 1
464 1
468 1
469 1
470 1
471 1
472 1
473 1
542 4
543 4
544 4
545 4
546 4
548 4
549 4
550 4
551 4
552 4
553 4
554 4
555 3
559 3
560 3
561 3
567 3
568 3
569 6
573 3
574 3
577 3
578 3
579 3
581 3
582 3
583 3
587 3
588 3
589 3
590 3
591 3
592 3
599 1
600 1
602 1
603 1
605 1
606 1
607 1
609 1
610 1
611 1
615 1
616 1
617 1
618 1
619 1
620 1
661 4
662 4
663 4
664 4
665 4
667 4
668 4
669 4
670 4
671 4
672 4
673 4
674 3
678 3
679 3
680 3
686 3
687 3
688 6
692 6
693 6
696 6
697 6
698 6
700 6
701 6
702 6
706 6
707 6
708 6
709 6
710 6
711 6
718 3
719 3
721 3
722 3
724 3
725 3
726 3
728 3
729 3
730 3
734 3
735 3
736 3
737 3
738 3
739 3
746 3
747 3
748 3
780 14
781 14
782 14
783 14
784 14
786 14
787 14
788 14
789 14
790 14
791 14
792 14
793 12
797 12
798 12
799 12
805 12
806 12
807 24
811 15
812 15
815 15
816 15
817 15
819 15
820 15
821 15
825 15
826 15
827 15
828 15
829 15
830 15
837 4
838 4
840 4
841 4
843 4
844 4
845 4
847 4
848 4
849 4
853 4
854 4
855 4
856 4
857 4
858 4
865 3
866 3
867 3
899 6
900 6
901 6
902 6
903 6
905 6
906 6
907 6
908 6
909 6
910 6
911 6
912 5
916 5
917 5
918 5
924 5
925 5
926 10
930 5
931 5
934 5
935 5
936 5
938 5
939 5
940 5
944 5
945 5
946 5
947 5
948 5
949 5
956 2
957 2
959 2
960 2
962 2
963 2
964 2
966 2
967 2
968 2
972 2
973 2
974 2
975 2
976 2
977 2
1018 11
1019 11
1020 11
1021 11
1022 11
1024 11
1025 11
1026 11
1027 11
1028 11
1029 11
1030 11
1031 9
1035 9
1036 9
1037 9
1043 9
1044 9
1045 18
1049 14
1050 14
1053 14
1054 14
1055 14
1057 14
1058 14
1059 14
1063 14
1064 14
1065 14
1066 14
1067 14
1068 14
1075 6
1076 6
1078 6
1079 6
1081 6
1082 6
1083 6
1085 6
1086 6
1087 6
1091 6
1092 6
1093 6
1094 6
1095 6
1096 6
1103 5
1104 5
1105 5
1137 18
1138 18
1139 18
1140 18
1141 18
1143 18
1144 18
1145 18
1146 18
1147 18
1148 18
1149 18
1150 11
1154 11
1155 11
1156 11
1162 11
1163 11
1164 22
1168 12
1169 12
1172 12
1173 12
1174 12
1176 12
1177 12
1178 12
1182 12
1183 12
1184 12
1185 12
1186 12
1187 12
1194 6
1195 6
1197 6
1198 6
1200 6
1201 6
1202 6
1204 6
1205 6
1206 6
1210 6
1211 6
1212 6
1213 6
1214 6
1215 6
1222 1
1223 1
1224 1
1256 26
1257 26
1258 26
1259 26
1260 26
1262 26
1263 26
1264 26
1265 26
1266 26
1267 26
1268 26
1269 14
1273 14
1274 14
1275 14
1281 14
1282 14
1283 28
1287 16
1288 16
1291 16
1292 16
1293 16
1295 16
1296 16
1297 16
1301 16
1302 16
1303 16
1304 16
1305 16
1306 16
1313 2
1314 2
1316 2
1317 2
1319 2
1320 2
1321 2
1323 2
1324 2
1325 2
1329 2
1330 2
1331 2
1332 2
1333 2
1334 2
1341 2
1342 2
1343 2
1375 19
1376 19
1377 19
1378 19
1379 19
1381 19
1382 19
1383 19
1384 19
1385 19
1386 19
1387 19
1388 15
1392 15
1393 15
1394 15
1400 15
1401 15
1402 30
1406 16
1407 16
1410 16
1411 16
1412 16
1414 16
1415 16
1416 16
1420 16
1421 16
1422 16
1423 16
1424 16
1425 16
1432 5
1433 5
1435 5
1436 5
1438 5
1439 5
1440 5
1442 5
1443 5
1444 5
1448 5
1449 5
1450 5
1451 5
1452 5
1453 5
1460 1
1461 1
1462 1
1466 1
1467 1
1468 1
1469 1
1476 1
1477 1
1478 1
1494 42
1495 42
1496 42
1497 42
1498 42
1500 42
1501 42
1502 42
1503 42
1504 42
1505 42
1506 42
1507 21
1511 21
1512 21
1513 21
1519 21
1520 21
1521 42
1525 26
1526 26
1529 26
1530 26
1531 26
1533 26
1534 26
1535 26
1539 26
1540 26
1541 26
1542 26
1543 26
1544 26
1551 9
1552 9
1554 9
1555 9
1557 9
1558 9
1559 9
1561 9
1562 9
1563 9
1567 9
1568 9
1569 9
1570 9
1571 9
1572 9
1579 5
1580 5
1581 5
1613 39
1614 39
1615 39
1616 39
1617 39
1619 39
1620 39
1621 39
1622 39
1623 39
1624 39
1625 39
1626 16
1630 16
1631 16
1632 16
1638 16
1639 16
1640 32
1644 18
1645 18
1648 18
1649 18
1650 18
1652 18
1653 18
1654 18
1658 18
1659 18
1660 18
1661 18
1662 18
1663 18
1670 7
1671 7
1673 7
1674 7
1676 7
1677 7
1678 7
1680 7
1681 7
1682 7
1686 7
1687 7
1688 7
1689 7
1690 7
1691 7
1698 2
1699 2
1700 2
1732 53
1733 53
1734 53
1735 53
1736 53
1738 53
1739 53
1740 53
1741 53
1742 53
1743 53
1744 53
1745 33
1749 33
1750 33
1751 33
1757 33
1758 33
1759 66
1763 36
1764 36
1767 36
1768 36
1769 36
1771 36
1772 36
1773 36
1777 36
1778 36
1779 36
1780 36
1781 36
1782 36
1789 7
1790 7
1792 7
1793 7
1795 7
1796 7
1797 7
1799 7
1800 7
1801 7
1805 7
1806 7
1807 7
1808 7
1809 7
1810 7
1817 3
1818 3
1819 3
1851 33
1852 33
1853 33
1854 33
1855 33
1857 33
1858 33
1859 33
1860 33
1861 33
1862 33
1863 33
1864 17
1868 17
1869 17
1870 17
1876 17
1877 17
1878 34
1882 17
1883 17
1886 17
1887 17
1888 17
1890 17
1891 17
1892 17
1896 17
1897 17
1898 17
1899 17
1900 17
1901 17
1970 34
1971 34
1972 34
1973 34
1974 34
1976 34
1977 34
1978 34
1979 34
1980 34
1981 34
1982 34
1984 11
1988 11
1989 11
1990 11
1996 11
1997 11
1999 22
2003 16
2004 16
2007 16
2008 16
2009 16
2011 16
2012 16
2013 16
2017 16
2018 16
2019 16
2020 16
2021 16
2022 16
2029 7
2030 7
2032 7
2033 7
2035 7
2036 7
2037 7
2039 7
2040 7
2041 7
2045 7
2046 7
2047 7
2048 7
2049 7
2050 7
2057 5
2058 5
2059 5
2093 255
2095 400
2096 400
2097 400
2098 400
2099 304
2104 2589
2110 2589
2111 2589
2119 2589
2120 2589
fn=strncmp
98 1
125 1
126 1
127 1
128 1
129 1
131 1
132 1
134 1
135 1
156 1
157 1
158 1
159 1
160 1
161 1
162 1
163 1
180 1
181 1
182 1
183 1
184 1
185 1
186 1
2104 1
2107 1
2108 1
2110 1
2111 1
2119 1
2120 1
fl=./string/../sysdeps/x86_64/multiarch/../multiarch/strlen-sse2.S
fn=strlen
57 30
101 30
102 30
103 30
104 30
105 30
106 30
107 30
109 30
111 30
142 29
143 29
144 29
145 29
146 29
147 15
149 15
153 14
154 14
155 14
156 14
157 14
158 14
159 14
160 14
161 14
162 14
163 14
164 14
169 112
173 1
174 14
175 6
190 1
191 1
192 2
243 1
244 1
245 1
246 1
247 1
248 1
249 1
250 1
266 1
268 1
269 14
271 1
272 1
273 1
275 1
fl=./string/../sysdeps/x86_64/multiarch/ifunc-avx2.h
fn=memrchr
38 4
40 3
41 2
42 3
45 2
46 2
49 3
52 6
fn=rindex
38 4
40 3
41 2
42 3
45 2
46 2
49 3
52 6
fn=strchrnul
38 4
40 3
41 2
42 3
45 2
46 2
49 3
52 6
fn=strlen
38 8
40 6
41 4
42 6
45 4
46 4
49 6
52 12
fn=strnlen
38 8
40 6
41 4
42 6
45 4
46 4
49 6
52 12
fl=./string/../sysdeps/x86_64/multiarch/ifunc-evex.h
fn=memchr
37 4
38 3
39 3
42 2
43 2
45 2
51 3
54 4
fl=./string/../sysdeps/x86_64/multiarch/ifunc-memcmp.h
fn=bcmp
34 10
35 4
36 4
37 6
40 4
41 4
44 6
47 8
fl=./string/../sysdeps/x86_64/multiarch/ifunc-memmove.h
fn=memcpy@@GLIBC_2.14
56 4
57 6
60 6
61 4
74 4
77 4
85 4
93 4
96 10
fn=memmove
56 4
57 6
60 6
61 4
74 4
77 4
85 4
93 4
96 10
fn=mempcpy
56 2
57 3
60 3
61 2
74 2
77 2
85 2
93 2
96 5
fl=./string/../sysdeps/x86_64/multiarch/ifunc-memset.h
fn=memset
54 10
57 6
58 4
64 4
73 4
75 4
85 4
93 4
96 10
fl=./string/../sysdeps/x86_64/multiarch/ifunc-sse4_2.h
fn=strcspn
36 5
fn=strpbrk
36 5
fn=strspn
36 5
fl=./string/../sysdeps/x86_64/multiarch/ifunc-strcasecmp.h
fn=strcasecmp
36 4
37 2
38 3
41 2
42 2
45 3
48 5
fn=strcasecmp_l
36 4
37 2
38 3
41 2
42 2
45 3
48 5
fn=strncasecmp
36 4
37 2
38 3
41 2
42 2
45 3
48 5
fn=strncasecmp_l
36 4
37 2
38 3
41 2
42 2
45 3
48 5
fl=./string/../sysdeps/x86_64/multiarch/ifunc-strcpy.h
fn=stpcpy
38 4
39 3
42 2
43 2
46 3
49 3
fn=strcat
38 4
39 3
42 2
43 2
46 3
49 3
fn=strcpy
38 4
39 3
42 2
43 2
46 3
49 3
fl=./string/../sysdeps/x86_64/multiarch/ifunc-strncpy.h
fn=stpncpy
35 5
36 3
39 2
40 2
43 3
46 4
fn=strncpy
35 10
36 6
39 4
40 4
43 6
46 8
fl=./string/../sysdeps/x86_64/multiarch/memchr.c
fn=memchr
29 2
fl=./string/../sysdeps/x86_64/multiarch/memcmp-avx2-movbe.S
fn=__memcmp_avx2_movbe
73 50
80 50
81 50
84 1
85 1
86 1
90 1
91 1
93 1
94 1
97 1
98 1
99 1
102 1
103 1
106 1
107 1
110 1
111 1
112 1
113 1
114 1
115 1
116 1
117 1
118 1
119 1
122 1
123 1
129 1
130 1
131 1
132 1
136 1
137 1
139 1
140 1
141 1
142 1
145 1
146 1
147 1
148 1
149 1
150 1
152 2
156 39
166 39
167 39
168 39
171 78
401 49
402 49
407 49
408 49
409 49
410 49
411 49
414 49
415 49
416 49
417 49
420 49
421 49
422 10
423 20
fl=./string/../sysdeps/x86_64/multiarch/memcmp.c
fn=bcmp
29 8
fl=./string/../sysdeps/x86_64/multiarch/memcmpeq.c
fn=memcpy@@GLIBC_2.14
29 2
fl=./string/../sysdeps/x86_64/multiarch/memmove-vec-unaligned-erms.S
fn=__memcpy_avx_unaligned_erms
255 566506
256 566506
262 566542
263 566542
265 1001
266 1001
267 1001
270 395
271 395
272 395
275 790
305 565541
306 565541
308 565535
309 565535
311 565535
315 565535
331 565535
332 565535
333 565535
334 565535
335 565535
342 6
343 6
344 6
345 6
347 6
375 202
376 202
377 202
378 202
379 202
380 202
381 404
386 606
387 606
392 606
393 606
395 404
396 404
397 404
399 202
400 202
401 202
402 202
403 202
404 202
405 202
406 202
407 202
408 202
409 202
410 202
411 202
412 202
413 404
417 202
418 202
422 202
424 202
428 202
429 202
440 202
443 202
445 202
447 202
451 202
452 202
461 192
462 192
464 192
466 192
467 192
468 192
471 192
473 192
475 192
477 384
483 576
484 576
485 576
486 576
487 576
488 576
489 576
490 576
491 576
492 576
493 576
494 576
496 192
497 192
498 192
499 192
501 192
505 384
518 10
519 10
521 10
522 10
523 10
525 10
527 10
529 20
535 30
536 30
537 30
538 30
539 30
540 30
541 30
542 30
543 30
544 30
545 30
546 30
548 10
549 10
550 10
551 10
553 10
554 20
fn=__mempcpy_avx_unaligned_erms
242 36
243 36
244 36
245 36
fn=memcpy
210 40
211 40
217 68
218 68
220 39
221 39
222 39
224 18
225 18
226 18
228 18
308 29
309 29
311 8
315 8
316 8
317 8
318 1
319 1
323 1
325 8
364 21
365 21
366 21
367 21
368 21
375 16
376 16
377 16
378 16
379 16
380 16
381 16
392 21
393 21
395 20
396 20
397 20
399 4
400 4
401 4
402 4
403 4
404 4
405 4
406 4
407 4
408 4
409 4
410 4
411 4
412 4
413 4
417 1
418 1
422 1
424 1
440 1
443 1
445 1
447 1
451 1
452 1
461 1
462 1
464 1
466 1
467 1
468 1
471 1
473 1
475 1
477 1
483 3
484 3
485 3
486 3
487 3
488 3
489 3
490 3
491 3
492 3
493 3
494 3
496 1
497 1
498 1
499 1
501 1
505 1
fn=mempcpy
197 28
198 28
199 28
200 28
fl=./string/../sysdeps/x86_64/multiarch/memmove.c
fn=memmove
29 2
fl=./string/../sysdeps/x86_64/multiarch/mempcpy.c
fn=mempcpy
33 1
fl=./string/../sysdeps/x86_64/multiarch/memrchr.c
fn=memrchr
29 3
fl=./string/../sysdeps/x86_64/multiarch/memset-vec-unaligned-erms.S
fn=__memset_avx2_unaligned_erms
158 52
159 104
164 52
165 52
166 44
167 44
168 44
181 4
182 4
184 8
237 44
238 44
244 16
245 16
257 16
260 16
261 16
273 12
274 12
287 12
288 12
290 12
293 8
296 8
299 32
300 32
301 32
302 32
303 32
304 32
305 40
308 12
309 12
310 12
311 12
314 24
325 28
326 28
327 28
328 4674284
329 28
330 56
337 8
346 8
347 8
378 8
379 8
380 8
fl=./string/../sysdeps/x86_64/multiarch/memset.c
fn=memset
29 2
fl=./string/../sysdeps/x86_64/multiarch/stpcpy.c
fn=stpcpy
33 3
fl=./string/../sysdeps/x86_64/multiarch/stpncpy.c
fn=stpncpy
31 3
fl=./string/../sysdeps/x86_64/multiarch/strcasecmp.c
fn=strcasecmp
31 3
fl=./string/../sysdeps/x86_64/multiarch/strcasecmp_l.c
fn=strcasecmp_l
31 3
fl=./string/../sysdeps/x86_64/multiarch/strcat.c
fn=strcat
29 3
fl=./string/../sysdeps/x86_64/multiarch/strchr-avx2.S
fn=__strchr_avx2
53 4
55 4
56 4
57 4
58 4
59 4
62 4
63 4
67 4
68 4
69 4
70 4
71 4
72 4
73 4
74 4
77 4
85 4
93 4
94 8
fl=./string/../sysdeps/x86_64/multiarch/strchr.c
fn=index
42 8
43 4
44 6
47 4
48 4
51 6
54 6
65 6
fl=./string/../sysdeps/x86_64/multiarch/strchrnul.c
fn=strchrnul
31 3
fl=./string/../sysdeps/x86_64/multiarch/strcmp-avx2.S
fn=__strcmp_avx2
206 20
249 20
274 20
275 20
276 20
278 20
279 20
283 20
287 20
289 20
291 20
294 20
303 20
304 20
371 20
388 20
389 20
392 20
395 40
456 20
457 20
458 20
459 20
460 20
461 20
462 20
953 20
954 20
fn=__strncmp_avx2
206 3
230 3
235 3
249 3
274 3
275 3
276 3
278 3
279 3
283 2
287 2
289 2
291 2
294 2
296 2
297 2
308 2
318 2
319 2
322 2
326 4
331 2
332 2
333 2
957 1
958 1
959 1
960 1
962 1
965 1
966 1
993 1
994 1
995 1
996 1
997 1
998 1
1000 1
1047 1
1048 1
1051 1
1052 1
1053 1
1056 2
1063 1
1064 1
1065 1
1066 1
1076 1
1077 1
1080 1
1081 1
1082 1
1083 1
1089 1
1091 1
1094 1
1095 1
fl=./string/../sysdeps/x86_64/multiarch/strcmp.c
fn=strcmp
47 8
48 4
49 6
52 4
53 4
56 6
59 6
79 6
fl=./string/../sysdeps/x86_64/multiarch/strcpy.c
fn=strcpy
29 3
fl=./string/../sysdeps/x86_64/multiarch/strcspn.c
fn=strcspn
29 2
fl=./string/../sysdeps/x86_64/multiarch/strlen-avx2.S
fn=__strlen_avx2
52 77
65 77
66 77
67 77
70 77
72 77
73 77
76 77
77 77
85 77
86 77
87 77
92 154
fl=./string/../sysdeps/x86_64/multiarch/strlen.c
fn=strlen
29 6
fl=./string/../sysdeps/x86_64/multiarch/strncase.c
fn=strncasecmp
31 3
fl=./string/../sysdeps/x86_64/multiarch/strncase_l.c
fn=strncasecmp_l
31 3
fl=./string/../sysdeps/x86_64/multiarch/strncmp.c
fn=strncmp
43 4
44 2
45 3
48 2
49 2
52 3
55 5
67 3
fl=./string/../sysdeps/x86_64/multiarch/strncpy.c
fn=strncpy
29 6
fl=./string/../sysdeps/x86_64/multiarch/strnlen.c
fn=strnlen
31 6
fl=./string/../sysdeps/x86_64/multiarch/strpbrk.c
fn=strpbrk
29 2
fl=./string/../sysdeps/x86_64/multiarch/strrchr-avx2.S
fn=__strrchr_avx2
53 1
54 1
55 1
57 1
58 1
62 1
63 1
64 1
67 1
69 1
70 1
71 1
72 1
75 1
76 1
78 1
79 1
80 1
81 1
82 1
91 2
fl=./string/../sysdeps/x86_64/multiarch/strrchr.c
fn=rindex
28 3
fl=./string/../sysdeps/x86_64/multiarch/strspn.c
fn=strspn
29 2
fl=./string/./string/strdup.c
fn=strdup
40 36
41 12
44 12
47 24
48 18
fl=./time/../sysdeps/unix/sysv/linux/clock_gettime.c
fn=clock_gettime@@GLIBC_2.17
30 222200
38 444400
40 444400
44 444400
68 444400
69 444400
fl=./wcsmbs/../sysdeps/x86_64/multiarch/ifunc-avx2.h
fn=wcschr
38 8
40 6
41 4
42 6
45 4
46 4
49 6
52 12
fn=wcscmp
38 4
40 3
41 2
42 3
45 2
46 2
49 3
52 6
fl=./wcsmbs/../sysdeps/x86_64/multiarch/ifunc-evex.h
fn=wmemchr
37 8
38 6
39 6
42 4
43 4
45 4
51 6
54 8
fl=./wcsmbs/../sysdeps/x86_64/multiarch/ifunc-memcmp.h
fn=wmemcmp
34 5
35 2
36 2
37 3
40 2
41 2
44 3
47 4
fl=./wcsmbs/../sysdeps/x86_64/multiarch/ifunc-wcs.h
fn=wcpncpy
39 4
40 3
41 3
44 2
45 3
48 4
fn=wcscat
39 4
40 3
41 3
44 2
45 3
48 4
fn=wcsncpy
39 4
40 3
41 3
44 2
45 3
48 4
fl=./wcsmbs/../sysdeps/x86_64/multiarch/ifunc-wcslen.h
fn=wcslen
40 4
41 2
42 3
45 2
46 2
49 3
52 3
fn=wcsnlen
40 4
41 2
42 3
45 2
46 2
49 3
52 3
fl=./wcsmbs/../sysdeps/x86_64/multiarch/ifunc-wmemset.h
fn=wmemset
36 10
37 6
fl=./wcsmbs/../sysdeps/x86_64/multiarch/wcpcpy.c
fn=wcpncpy
31 1
fl=./wcsmbs/../sysdeps/x86_64/multiarch/wcpncpy.c
fn=wcpncpy
31 1
fl=./wcsmbs/../sysdeps/x86_64/multiarch/wcscat.c
fn=wcscat
31 2
fn=wcschr
31 2
fl=./wcsmbs/../sysdeps/x86_64/multiarch/wcschr.c
fn=wcschr
31 4
fl=./wcsmbs/../sysdeps/x86_64/multiarch/wcscmp.c
fn=wcscmp
30 3
fl=./wcsmbs/../sysdeps/x86_64/multiarch/wcscpy.c
fn=wcscpy
42 4
43 2
44 3
46 2
47 3
50 3
60 2
fl=./wcsmbs/../sysdeps/x86_64/multiarch/wcslen.c
fn=wcslen
29 3
fl=./wcsmbs/../sysdeps/x86_64/multiarch/wcsncpy.c
fn=wcsncpy
31 2
fl=./wcsmbs/../sysdeps/x86_64/multiarch/wcsnlen.c
fn=wcsnlen
30 3
fl=./wcsmbs/../sysdeps/x86_64/multiarch/wmemchr.c
fn=wmemchr
31 4
fl=./wcsmbs/../sysdeps/x86_64/multiarch/wmemcmp.c
fn=wmemcmp
29 4
fl=./wcsmbs/../sysdeps/x86_64/multiarch/wmemset.c
fn=wmemset
31 4
fl=./wcsmbs/./wcsmbs/btowc.c
fn=btowc
32 2560
37 1792
42 512
46 384
47 256
48 256
52 512
55 1152
94 1792
fl=./wcsmbs/./wcsmbs/wctob.c
fn=wctob
30 1280
39 384
44 256
45 128
79 1152
fl=./wcsmbs/./wcsmbsload.h
fn=btowc
69 128
70 384
fl=./wctype/./wctype/wctype_l.c
fn=wctype_l
26 110
29 20
32 30
33 68
35 174
37 410
40 48
41 96
45 20
46 10
47 80
fl=???
fn=(below main)
0 12
fn=???
0 4002263
fn=MatchingEngine::MatchingEngine(OrderBook&)
0 32
fn=MatchingEngine::addOrder(Order)
0 7860266
fn=Order::Order(Side, unsigned long, std::__cxx11::basic_string<char, std::char_traits<char>, std::allocator<char> >, unsigned long, Price)
0 4184700
fn=Order::getPrice() const
0 565500
fn=OrderBook::OrderBook(unsigned long)
0 25016
fn=OrderBook::addAsk(Order)
0 4457084
fn=OrderBook::addBid(Order)
0 4485892
fn=OrderBook::generateRandomOrder()
0 9726600
fn=OrderIdGenerator::incrementOrder()
0 1131000
fn=TradingSystem::TradingSystem(int, int)
0 516
fn=TradingSystem::~TradingSystem()
0 1178314
fn=_GLOBAL__sub_I__Z18runInsertBenchmarkmm
0 2
fn=_GLOBAL__sub_I__ZN13TradingSystemC2Eii
0 2
fn=_GLOBAL__sub_I_rng
0 2
fn=__cpu_indicator_init
0 367
fn=__cxa_get_globals
0 16
fn=__gnu_cxx::stdio_sync_filebuf<char, std::char_traits<char> >::overflow(int)
0 7
fn=__gnu_cxx::stdio_sync_filebuf<char, std::char_traits<char> >::sync()
0 18
fn=__gnu_cxx::stdio_sync_filebuf<char, std::char_traits<char> >::xsputn(char const*, long)
0 222
fn=__gnu_cxx::stdio_sync_filebuf<wchar_t, std::char_traits<wchar_t> >::sync()
0 15
fn=__static_initialization_and_destruction_0()
0 11409
fn=boost::asio::basic_socket<boost::asio::ip::udp, boost::asio::any_io_executor>::open(boost::asio::ip::udp const&)
0 300
fn=boost::asio::detail::epoll_reactor::do_epoll_create()
0 88
fn=boost::asio::detail::epoll_reactor::register_descriptor(int, boost::asio::detail::epoll_reactor::descriptor_state*&)
0 364
fn=boost::asio::detail::epoll_reactor::shutdown()
0 368
fn=boost::asio::detail::epoll_reactor::~epoll_reactor()
0 356
fn=boost::asio::detail::eventfd_select_interrupter::open_descriptors()
0 92
fn=boost::asio::detail::io_object_impl<boost::asio::detail::reactive_socket_service<boost::asio::ip::udp>, boost::asio::any_io_executor>::~io_object_impl()
0 56
fn=boost::asio::detail::op_queue<boost::asio::detail::scheduler_operation>::~op_queue()
0 408
fn=boost::asio::detail::posix_mutex::posix_mutex()
0 620
fn=boost::asio::detail::reactive_socket_service<boost::asio::ip::udp>::shutdown()
0 16
fn=boost::asio::detail::reactive_socket_service<boost::asio::ip::udp>::~reactive_socket_service()
0 12
fn=boost::asio::detail::reactive_socket_service_base::destroy(boost::asio::detail::reactive_socket_service_base::base_implementation_type&)
0 632
fn=boost::asio::detail::scheduler::get_default_task(boost::asio::execution_context&)
0 80
fn=boost::asio::detail::scheduler::post_deferred_completions(boost::asio::detail::op_queue<boost::asio::detail::scheduler_operation>&)
0 20
fn=boost::asio::detail::scheduler::scheduler(boost::asio::execution_context&, int, bool, boost::asio::detail::scheduler_task* (*)(boost::asio::execution_context&))
0 424
fn=boost::asio::detail::scheduler::shutdown()
0 352
fn=boost::asio::detail::scheduler::wake_one_thread_and_unlock(boost::asio::detail::conditionally_enabled_mutex::scoped_lock&)
0 120
fn=boost::asio::detail::scheduler::~scheduler()
0 128
fn=boost::asio::detail::service_id<boost::asio::detail::epoll_reactor>::~service_id()
0 2
fn=boost::asio::detail::service_id<boost::asio::detail::reactive_socket_service<boost::asio::ip::tcp> >::~service_id()
0 2
fn=boost::asio::detail::service_id<boost::asio::detail::reactive_socket_service<boost::asio::ip::udp> >::~service_id()
0 2
fn=boost::asio::detail::service_id<boost::asio::detail::scheduler>::~service_id()
0 2
fn=boost::asio::detail::service_id<boost::asio::detail::strand_service>::~service_id()
0 2
fn=boost::asio::detail::service_registry::do_use_service(boost::asio::execution_context::service::key const&, boost::asio::execution_context::service* (*)(void*), void*)
0 876
fn=boost::asio::detail::service_registry::do_use_service(boost::asio::execution_context::service::key const&, boost::asio::execution_context::service* (*)(void*), void*) [clone .constprop.0]
0 724
fn=boost::asio::detail::socket_holder::~socket_holder()
0 68
fn=boost::asio::detail::socket_ops::get_last_error(boost::system::error_code&, bool) [clone .part.0]
0 104
fn=boost::asio::detail::socket_ops::setsockopt(int, unsigned char&, int, int, void const*, unsigned long, boost::system::error_code&) [clone .isra.0]
0 160
fn=boost::asio::detail::throw_error(boost::system::error_code const&, char const*, boost::source_location const&)
0 512
fn=boost::asio::detail::tss_ptr<boost::asio::detail::call_stack<boost::asio::detail::strand_executor_service::strand_impl, unsigned char>::context>::~tss_ptr()
0 2
fn=boost::asio::detail::tss_ptr<boost::asio::detail::call_stack<boost::asio::detail::strand_service::strand_impl, unsigned char>::context>::~tss_ptr()
0 2
fn=boost::asio::detail::tss_ptr<boost::asio::detail::call_stack<boost::asio::detail::thread_context, boost::asio::detail::thread_info_base>::context>::~tss_ptr()
0 2
fn=boost::asio::error::make_error_code(boost::asio::error::basic_errors)
0 40
fn=boost::asio::execution_context::service* boost::asio::detail::service_registry::create<boost::asio::detail::epoll_reactor, boost::asio::execution_context>(void*)
0 384
fn=boost::asio::execution_context::service* boost::asio::detail::service_registry::create<boost::asio::detail::reactive_socket_service<boost::asio::ip::udp>, boost::asio::io_context>(void*)
0 288
fn=boost::asio::io_context::io_context()
0 236
fn=boost::asio::io_context::~io_context()
0 352
fn=boost::asio::ip::make_address(char const*)
0 368
fn=int std::uniform_int_distribution<int>::operator()<std::mersenne_twister_engine<unsigned long, 32ul, 624ul, 397ul, 31ul, 2567483615ul, 11ul, 4294967295ul, 7ul, 2636928640ul, 15ul, 4022730752ul, 18ul, 1812433253ul> >(std::mersenne_twister_engine<unsigned long, 32ul, 624ul, 397ul, 31ul, 2567483615ul, 11ul, 4294967295ul, 7ul, 2636928640ul, 15ul, 4022730752ul, 18ul, 1812433253ul>&, std::uniform_int_distribution<int>::param_type const&) [clone .isra.0]
0 17645232
fn=main
0 38
fn=operator delete(void*)
0 259224
fn=operator delete(void*, unsigned long)
0 259224
fn=operator new(unsigned long)
0 2073792
fn=runInsertBenchmark(unsigned long, unsigned long)
0 7913699
fn=std::_Hashtable<unsigned long, std::pair<unsigned long const, OrderBook::OrderLocation>, std::allocator<std::pair<unsigned long const, OrderBook::OrderLocation> >, std::__detail::_Select1st, std::equal_to<unsigned long>, std::hash<unsigned long>, std::__detail::_Mod_range_hashing, std::__detail::_Default_ranged_hash, std::__detail::_Prime_rehash_policy, std::__detail::_Hashtable_traits<false, false, true> >::_M_rehash(unsigned long, unsigned long const&)
0 3628614
fn=std::__cxx11::basic_string<char, std::char_traits<char>, std::allocator<char> >::_M_dispose()
0 6930
fn=std::__cxx11::messages<char>::messages(unsigned long)
0 21
fn=std::__cxx11::messages<wchar_t>::messages(unsigned long)
0 21
fn=std::__cxx11::moneypunct<char, false>::_M_initialize_moneypunct(__locale_struct*, char const*)
0 114
fn=std::__cxx11::moneypunct<char, true>::_M_initialize_moneypunct(__locale_struct*, char const*)
0 115
fn=std::__cxx11::moneypunct<wchar_t, false>::_M_initialize_moneypunct(__locale_struct*, char const*)
0 109
fn=std::__cxx11::moneypunct<wchar_t, true>::_M_initialize_moneypunct(__locale_struct*, char const*)
0 109
fn=std::__cxx11::numpunct<char>::_M_initialize_numpunct(__locale_struct*)
0 417
fn=std::__cxx11::numpunct<wchar_t>::_M_initialize_numpunct(__locale_struct*)
0 353
fn=std::__detail::_Map_base<unsigned long, std::pair<unsigned long const, OrderBook::OrderLocation>, std::allocator<std::pair<unsigned long const, OrderBook::OrderLocation> >, std::__detail::_Select1st, std::equal_to<unsigned long>, std::hash<unsigned long>, std::__detail::_Mod_range_hashing, std::__detail::_Default_ranged_hash, std::__detail::_Prime_rehash_policy, std::__detail::_Hashtable_traits<false, false, true>, true>::operator[](unsigned long const&)
0 7917776
fn=std::__detail::_Prime_rehash_policy::_M_need_rehash(unsigned long, unsigned long, unsigned long) const
0 1811236
fn=std::__detail::_Prime_rehash_policy::_M_next_bkt(unsigned long) const
0 4560
fn=std::__timepunct<char>::_M_initialize_timepunct(__locale_struct*)
0 132
fn=std::__timepunct<char>::__timepunct(std::__timepunct_cache<char>*, unsigned long)
0 24
fn=std::__timepunct<wchar_t>::_M_initialize_timepunct(__locale_struct*)
0 129
fn=std::__timepunct<wchar_t>::__timepunct(std::__timepunct_cache<wchar_t>*, unsigned long)
0 24
fn=std::basic_ios<char, std::char_traits<char> >::_M_cache_locale(std::locale const&)
0 128
fn=std::basic_ios<char, std::char_traits<char> >::init(std::basic_streambuf<char, std::char_traits<char> >*)
0 96
fn=std::basic_ios<wchar_t, std::char_traits<wchar_t> >::_M_cache_locale(std::locale const&)
0 128
fn=std::basic_ios<wchar_t, std::char_traits<wchar_t> >::init(std::basic_streambuf<wchar_t, std::char_traits<wchar_t> >*)
0 96
fn=std::basic_ostream<char, std::char_traits<char> >& std::__ostream_insert<char, std::char_traits<char> >(std::basic_ostream<char, std::char_traits<char> >&, char const*, long)
0 1425
fn=std::basic_ostream<wchar_t, std::char_traits<wchar_t> >::flush()
0 174
fn=std::basic_ostream<wchar_t, std::char_traits<wchar_t> >::sentry::sentry(std::basic_ostream<wchar_t, std::char_traits<wchar_t> >&)
0 97
fn=std::chrono::_V2::system_clock::now()
0 3555200
fn=std::codecvt<char, char, __mbstate_t>::codecvt(unsigned long)
0 19
fn=std::codecvt<wchar_t, char, __mbstate_t>::codecvt(unsigned long)
0 19
fn=std::ctype<char>::_M_widen_init() const
0 754
fn=std::ctype<char>::ctype(unsigned short const*, bool, unsigned long)
0 121
fn=std::ctype<wchar_t>::_M_convert_to_wmask(unsigned short) const
0 146
fn=std::ctype<wchar_t>::_M_initialize_ctype()
0 2736
fn=std::ctype<wchar_t>::ctype(unsigned long)
0 21
fn=std::error_category::error_category()
0 10
fn=std::error_category::~error_category()
0 4
fn=std::future_category()
0 3
fn=std::ios_base::Init::Init()
0 272
fn=std::ios_base::Init::~Init()
0 26
fn=std::ios_base::_M_init()
0 224
fn=std::ios_base::ios_base()
0 480
fn=std::locale::_Impl::_Impl(unsigned long)
0 673
fn=std::locale::_Impl::_M_install_facet(std::locale::id const*, std::locale::facet const*)
0 12192
fn=std::locale::facet::_S_create_c_locale(__locale_struct*&, char const*, __locale_struct*)
0 14
fn=std::locale::facet::_S_get_c_locale()
0 210
fn=std::locale::facet::_S_get_c_name()
0 21
fn=std::locale::id::_M_id() const
0 1020
fn=std::locale::locale()
0 484
fn=std::locale::locale(std::locale::_Impl*)
0 3
fn=std::locale::operator=(std::locale const&)
0 184
fn=std::locale::~locale()
0 96
fn=std::mersenne_twister_engine<unsigned long, 32ul, 624ul, 397ul, 31ul, 2567483615ul, 11ul, 4294967295ul, 7ul, 2636928640ul, 15ul, 4022730752ul, 18ul, 1812433253ul>::_M_gen_rand()
0 3236256
fn=std::messages<char>::messages(unsigned long)
0 21
fn=std::messages<wchar_t>::messages(unsigned long)
0 21
fn=std::moneypunct<char, false>::_M_initialize_moneypunct(__locale_struct*, char const*)
0 114
fn=std::moneypunct<char, true>::_M_initialize_moneypunct(__locale_struct*, char const*)
0 115
fn=std::moneypunct<wchar_t, false>::_M_initialize_moneypunct(__locale_struct*, char const*)
0 109
fn=std::moneypunct<wchar_t, true>::_M_initialize_moneypunct(__locale_struct*, char const*)
0 109
fn=std::num_put<char, std::ostreambuf_iterator<char, std::char_traits<char> > >::do_put(std::ostreambuf_iterator<char, std::char_traits<char> >, std::ios_base&, char, long long) const
0 36
fn=std::numpunct<char>::_M_initialize_numpunct(__locale_struct*)
0 417
fn=std::numpunct<wchar_t>::_M_initialize_numpunct(__locale_struct*)
0 353
fn=std::ostream& std::ostream::_M_insert<long long>(long long)
0 717
fn=std::ostream::flush()
0 215
fn=std::ostream::put(char)
0 44
fn=std::ostream::sentry::sentry(std::ostream&)
0 955
fn=std::ostreambuf_iterator<char, std::char_traits<char> > std::num_put<char, std::ostreambuf_iterator<char, std::char_traits<char> > >::_M_insert_int<long long>(std::ostreambuf_iterator<char, std::char_traits<char> >, std::ios_base&, char, long long) const
0 1104
fn=std::random_device::_M_fini()
0 8
fn=std::random_device::_M_getval()
0 54
fn=std::random_device::_M_init(std::__cxx11::basic_string<char, std::char_traits<char>, std::allocator<char> > const&)
0 100
fn=std::random_device::random_device()
0 26
fn=std::uncaught_exception()
0 18
fn=std::vector<std::deque<Order, std::allocator<Order> >, std::allocator<std::deque<Order, std::allocator<Order> > > >::~vector()
0 503166
fn=void boost::asio::execution::detail::any_executor_base::destroy_object<boost::asio::io_context::basic_executor_type<std::allocator<void>, 0ul> >(boost::asio::execution::detail::any_executor_base&)
0 8
fn=void std::__introsort_loop<__gnu_cxx::__normal_iterator<long long*, std::vector<long long, std::allocator<long long> > >, long, __gnu_cxx::__ops::_Iter_less_iter>(__gnu_cxx::__normal_iterator<long long*, std::vector<long long, std::allocator<long long> > >, __gnu_cxx::__normal_iterator<long long*, std::vector<long long, std::allocator<long long> > >, long, __gnu_cxx::__ops::_Iter_less_iter) [clone .isra.0]
0 10428376
fn=void std::deque<Order, std::allocator<Order> >::_M_push_back_aux<Order&>(Order&)
0 1246641
summary: 163156804
